2016-02-11,18.350000,18.650000,17.770000,18.370001,160408900,18.370001
2016-02-10,16.719999,17.160000,16.150000,17.139999,68031300,17.139999
2016-02-09,17.719999,17.820000,16.750000,16.750000,100646600,16.750000
2016-02-08,17.500000,17.900000,17.440001,17.469999,113119400,17.469999
2016-02-05,15.750000,17.120001,15.570000,17.049999,111076400,17.049999
2016-02-04,15.800000,16.360001,15.770000,16.150000,118000400,16.150000
2016-02-03,14.440000,15.350000,14.420000,15.350000,117123100,15.350000
2016-02-02,14.480000,14.570000,14.110000,14.300000,47063100,14.300000
2016-02-01,14.330000,14.650000,14.300000,14.650000,46675200,14.650000
2016-01-29,13.830000,14.240000,13.740000,14.210000,45526000,14.210000
2016-01-28,13.870000,14.190000,13.730000,13.860000,44766700,13.860000
2016-01-27,13.870000,14.210000,13.710000,14.200000,53528400,14.200000
2016-01-26,13.530000,14.000000,13.520000,13.970000,69161500,13.970000
2016-01-25,13.260000,13.400000,13.160000,13.380000,47005700,13.380000
2016-01-22,12.730000,13.170000,12.690000,13.030000,29815700,13.030000
2016-01-21,12.700000,12.980000,12.450000,12.910000,30768000,12.910000
2016-01-20,12.780000,12.920000,12.520000,12.850000,57294700,12.850000
2016-01-19,13.210000,13.240000,12.400000,12.470000,76281200,12.470000
2016-01-15,13.600000,13.610000,13.070000,13.090000,35653200,13.090000
2016-01-14,13.460000,13.590000,13.000000,13.130000,56311100,13.130000
2016-01-13,13.540000,13.800000,13.360000,13.610000,39568100,13.610000
2016-01-12,13.800000,13.800000,13.370000,13.610000,66902500,13.610000
2016-01-11,14.570000,14.610000,13.820000,13.920000,69796900,13.920000
2016-01-08,14.500000,14.640000,14.260000,14.520000,66017900,14.520000
2016-01-07,14.500000,15.010000,14.380000,14.880000,78644600,14.880000
2016-01-06,14.220000,14.350000,14.150000,14.250000,39864700,14.250000
2016-01-05,14.130000,14.150000,13.910000,14.020000,29913400,14.020000
2016-01-04,14.120000,14.240000,13.870000,14.090000,53710100,14.090000
2015-12-31,13.660000,13.750000,13.600000,13.720000,27523300,13.720000
2015-12-30,13.650000,13.740000,13.570000,13.660000,40319300,13.660000
2015-12-29,13.970000,14.050000,13.790000,13.950000,28853300,13.950000
2015-12-28,14.030000,14.040000,13.670000,13.790000,49718100,13.790000
2015-12-24,14.080000,14.290000,14.060000,14.270000,24429100,14.270000
2015-12-23,13.770000,13.980000,13.740000,13.970000,42889100,13.970000
2015-12-22,13.730000,13.920000,13.630000,13.680000,33462900,13.680000
2015-12-21,13.810000,13.900000,13.650000,13.760000,70487000,13.760000
2015-12-18,13.550000,13.830000,13.480000,13.640000,62472400,13.524000
2015-12-17,13.680000,13.680000,13.300000,13.340000,92531900,13.226552
2015-12-16,13.930000,14.240000,13.670000,14.170000,82756600,14.049493
2015-12-15,13.720000,13.820000,13.510000,13.630000,37161500,13.514085
2015-12-14,14.280000,14.320000,13.560000,13.560000,88301100,13.444681
2015-12-11,14.050000,14.530000,14.030000,14.380000,47148500,14.257707
2015-12-10,14.150000,14.460000,14.130000,14.210000,32698200,14.089153
2015-12-09,14.420000,14.530000,14.090000,14.270000,50909900,14.148643
2015-12-08,14.230000,14.310000,13.940000,14.080000,58937700,13.960258
2015-12-07,14.620000,14.660000,14.060000,14.200000,69177200,14.079237
2015-12-04,14.230000,14.860000,14.230000,14.830000,76943200,14.703880
2015-12-03,14.030000,14.210000,13.860000,14.080000,51983700,13.960258
2015-12-02,13.820000,14.020000,13.620000,13.790000,59197500,13.672724
2015-12-01,13.850000,14.200000,13.690000,14.160000,55243200,14.039578
2015-11-30,13.550000,13.800000,13.520000,13.760000,43282800,13.642980
2015-11-27,13.410000,13.590000,13.370000,13.450000,38458000,13.335616
2015-11-25,13.650000,13.950000,13.560000,13.710000,35075100,13.593405
2015-11-24,13.600000,13.880000,13.490000,13.840000,59251900,13.722299
2015-11-23,13.350000,13.480000,13.250000,13.330000,26679900,13.216636
2015-11-20,14.030000,14.070000,13.340000,13.400000,67610000,13.286041
2015-11-19,13.690000,14.060000,13.670000,13.970000,57813000,13.851194
2015-11-18,13.150000,13.580000,12.920000,13.490000,69238200,13.375276
2015-11-17,13.620000,13.660000,13.050000,13.080000,70962600,12.968762
2015-11-16,13.740000,13.860000,13.630000,13.740000,24226200,13.623149
2015-11-13,13.440000,13.680000,13.400000,13.620000,31486300,13.504170
2015-11-12,13.330000,13.790000,13.290000,13.470000,41792900,13.355446
2015-11-11,13.540000,13.660000,13.440000,13.650000,29725700,13.533915
2015-11-10,13.570000,13.720000,13.420000,13.470000,54219000,13.355446
2015-11-09,13.460000,13.840000,13.310000,13.830000,76441900,13.712384
2015-11-06,13.640000,13.720000,13.410000,13.460000,73796300,13.345531
2015-11-05,14.630000,14.630000,14.010000,14.080000,89901000,13.960258
2015-11-04,15.050000,15.220000,14.600000,14.620000,47752800,14.495666
2015-11-03,14.760000,15.110000,14.710000,14.940000,27659100,14.812944
2015-11-02,14.800000,15.180000,14.630000,15.020000,40933400,14.892265
2015-10-30,15.070000,15.390000,14.950000,14.960000,42003200,14.832774
2015-10-29,15.640000,15.780000,15.040000,15.120000,87347200,14.991413
2015-10-28,16.410000,16.809999,15.600000,15.890000,76262400,15.754866
2015-10-27,15.920000,16.209999,15.790000,16.040001,25161300,15.903590
2015-10-26,16.480000,16.480000,16.000000,16.010000,58216300,15.873845
2015-10-23,16.340000,16.660000,15.930000,16.520000,65417200,16.379507
2015-10-22,15.810000,16.270000,15.780000,16.120001,48065200,15.982910
2015-10-21,16.100000,16.170000,15.730000,15.850000,63704100,15.715206
2015-10-20,15.900000,16.520000,15.890000,16.330000,88202900,16.191122
2015-10-19,16.320000,16.430000,15.610000,15.700000,111747800,15.566481
2015-10-16,16.840000,16.990000,16.370001,16.389999,65976600,16.250612
2015-10-15,16.610001,17.040001,16.480000,16.889999,46677600,16.746361
2015-10-14,16.240000,16.990000,16.170000,16.900000,126780700,16.756275
2015-10-13,15.790000,16.139999,15.680000,15.870000,48817600,15.735035
2015-10-12,16.610001,16.610001,15.620000,15.780000,73832600,15.645800
2015-10-09,15.970000,16.270000,15.850000,16.260000,86931800,16.121719
2015-10-08,15.360000,16.150000,15.320000,15.410000,62811000,15.278947
2015-10-07,15.700000,15.830000,15.370000,15.610000,53677000,15.477246
2015-10-06,15.520000,15.770000,15.230000,15.680000,92653200,15.546651
2015-10-05,14.600000,15.180000,14.580000,15.120000,102197900,14.991413
2015-10-02,13.950000,14.500000,13.880000,14.490000,98242100,14.366771
2015-10-01,13.790000,13.990000,13.350000,13.410000,54110100,13.295956
2015-09-30,13.220000,13.740000,13.190000,13.740000,41340700,13.623149
2015-09-29,13.470000,13.680000,13.300000,13.410000,34734800,13.295956
2015-09-28,13.620000,13.720000,13.290000,13.320000,67205900,13.206721
2015-09-25,13.960000,14.110000,13.880000,13.980000,34885700,13.861108
2015-09-24,13.620000,14.280000,13.560000,14.220000,102655900,14.099068
2015-09-23,13.640000,13.690000,13.230000,13.260000,37996400,13.147232
2015-09-22,13.670000,13.710000,13.310000,13.360000,73786500,13.246381
2015-09-21,14.270000,14.360000,13.990000,14.000000,58502000,13.880939
2015-09-18,14.600000,14.710000,14.180000,14.480000,53111900,14.356856
2015-09-17,13.720000,14.440000,13.660000,14.270000,79245400,14.148643
2015-09-16,13.380000,13.930000,13.370000,13.890000,81356400,13.771874
2015-09-15,13.050000,13.320000,12.990000,13.110000,26398000,12.998507
2015-09-14,13.060000,13.340000,12.910000,13.070000,37077400,12.958847
2015-09-11,13.000000,13.280000,12.620000,13.210000,63781500,13.097657
2015-09-10,13.350000,13.420000,13.080000,13.120000,33086600,13.008422
2015-09-09,13.360000,13.520000,13.100000,13.130000,54365200,13.018337
2015-09-08,13.530000,13.740000,13.340000,13.550000,36832900,13.434766
2015-09-04,13.280000,13.430000,13.060000,13.390000,45569700,13.276127
2015-09-03,13.390000,14.030000,13.360000,13.380000,49765400,13.266211
2015-09-02,13.760000,13.900000,13.330000,13.630000,38700500,13.514085
2015-09-01,14.210000,14.370000,13.670000,13.670000,56978800,13.553745
2015-08-31,13.940000,14.110000,13.590000,14.110000,57079800,13.990003
2015-08-28,13.760000,14.410000,13.750000,14.250000,94381300,14.128812
2015-08-27,13.100000,13.910000,13.010000,13.790000,111023300,13.672724
2015-08-26,13.480000,13.490000,12.960000,13.040000,97910100,12.929103
2015-08-25,14.520000,14.530000,13.580000,13.670000,72336000,13.553745
2015-08-24,15.160000,15.610000,14.070000,14.130000,131865300,14.009833
2015-08-21,16.139999,16.160000,15.240000,15.390000,84174900,15.259118
2015-08-20,15.690000,16.049999,15.570000,15.820000,86900000,15.685460
2015-08-19,14.900000,15.280000,14.880000,15.200000,65822400,15.070733
2015-08-18,14.740000,14.920000,14.510000,14.770000,52911000,14.644391
2015-08-17,14.800000,15.110000,14.750000,15.040000,66966000,14.912094
2015-08-14,14.920000,14.990000,14.360000,14.490000,33094300,14.366771
2015-08-13,15.050000,15.210000,14.540000,14.640000,101956100,14.515496
2015-08-12,14.810000,15.530000,14.780000,15.520000,123217200,15.388012
2015-08-11,14.440000,14.530000,13.940000,14.520000,55172900,14.396517
2015-08-10,13.570000,14.290000,13.360000,14.290000,91376800,14.168472
2015-08-07,13.420000,13.850000,13.330000,13.400000,50618200,13.286041
2015-08-06,13.210000,13.690000,13.110000,13.370000,69121200,13.256296
2015-08-05,13.420000,13.540000,13.010000,13.090000,41758700,12.978678
2015-08-04,13.470000,13.540000,13.180000,13.290000,69613800,13.176977
2015-08-03,13.640000,13.680000,13.180000,13.270000,61550200,13.157147
2015-07-31,13.840000,13.970000,13.580000,13.750000,41361100,13.633065
2015-07-30,13.660000,13.830000,13.400000,13.460000,73229900,13.345531
2015-07-29,13.690000,14.070000,13.540000,13.970000,56984100,13.851194
2015-07-28,13.730000,13.840000,13.540000,13.690000,39223000,13.573574
2015-07-27,13.900000,14.380000,13.440000,13.570000,76274700,13.454595
2015-07-24,13.410000,14.130000,13.170000,14.080000,141204200,13.960258
2015-07-23,14.240000,14.300000,13.510000,13.620000,69592000,13.504170
2015-07-22,13.820000,14.280000,13.670000,14.080000,39924800,13.960258
2015-07-21,14.060000,14.530000,14.020000,14.120000,90063100,13.999918
2015-07-20,14.700000,14.770000,13.750000,13.760000,169146000,13.642980
2015-07-17,16.049999,16.049999,15.370000,15.420000,67369900,15.288862
2015-07-16,16.280001,16.280001,16.100000,16.150000,20774600,16.012653
2015-07-15,16.530001,16.580000,16.270000,16.309999,47109000,16.171293
2015-07-14,16.780001,16.940001,16.680000,16.690001,16502400,16.548061
2015-07-13,16.530001,16.809999,16.400000,16.799999,17813200,16.657125
2015-07-10,16.980000,17.000000,16.629999,16.750000,31843300,16.607552
2015-07-09,17.129999,17.190001,16.770000,16.930000,14404800,16.786020
2015-07-08,17.160000,17.280001,16.840000,16.860001,23785000,16.716618
2015-07-07,17.440001,17.459999,16.950001,16.980000,66785200,16.835594
2015-07-06,17.500000,18.030001,17.389999,17.850000,34573800,17.698196
2015-07-02,17.389999,17.670000,17.370001,17.629999,35636600,17.480066
2015-07-01,17.680000,17.709999,17.260000,17.280001,35526400,17.133045
2015-06-30,17.830000,18.049999,17.670000,17.760000,32479300,17.608961
2015-06-29,18.170000,18.230000,17.900000,17.900000,28759800,17.747770
2015-06-26,18.150000,18.260000,18.059999,18.090000,19863800,17.936155
2015-06-25,18.320000,18.450001,18.170000,18.170000,31516900,18.015474
2015-06-24,18.299999,18.480000,18.250000,18.360001,14923600,18.203859
2015-06-23,18.250000,18.520000,18.250000,18.379999,21862400,18.223688
2015-06-22,18.410000,18.520000,18.320000,18.330000,27510800,18.174114
2015-06-19,19.030001,19.070000,18.520000,18.639999,45124600,18.481478
2015-06-18,19.139999,19.180000,18.990000,19.100000,38765100,18.937567
2015-06-17,18.260000,18.879999,18.230000,18.860001,54948300,18.699608
2015-06-16,18.430000,18.490000,18.299999,18.330000,30638900,18.174114
2015-06-15,18.510000,18.830000,18.420000,18.590000,28170400,18.431904
2015-06-12,18.680000,18.770000,18.500000,18.549999,22851000,18.392242
2015-06-11,18.799999,18.860001,18.629999,18.740000,23837100,18.580627
2015-06-10,19.040001,19.139999,18.879999,18.959999,30386300,18.798756
2015-06-09,19.080000,19.230000,18.760000,18.780001,24942400,18.620289
2015-06-08,18.870001,19.030001,18.709999,19.020000,41183500,18.858248
2015-06-05,18.820000,19.000000,18.670000,18.830000,29508600,18.669863
2015-06-04,19.160000,19.200001,19.040001,19.070000,26423400,18.907822
2015-06-03,19.620001,19.730000,19.320000,19.410000,37003600,19.244930
2015-06-02,19.639999,19.870001,19.570000,19.780001,32910000,19.611784
2015-06-01,19.830000,19.910000,19.450001,19.490000,25069200,19.324249
2015-05-29,19.650000,19.790001,19.480000,19.580000,16940600,19.413485
2015-05-28,19.340000,19.639999,19.150000,19.600000,28073800,19.433313
2015-05-27,19.320000,19.450001,19.170000,19.440001,25463000,19.274675
2015-05-26,19.469999,19.480000,19.180000,19.250000,48088400,19.086290
2015-05-22,19.950001,20.059999,19.820000,19.830000,22209700,19.661358
2015-05-21,20.000000,20.120001,19.889999,19.940001,17569100,19.770424
2015-05-20,20.059999,20.309999,20.020000,20.080000,24315600,19.909231
2015-05-19,20.459999,20.459999,19.990000,20.000000,45125400,19.829912
2015-05-18,20.860001,20.930000,20.650000,20.750000,18193800,20.573534
2015-05-15,20.639999,20.980000,20.520000,20.719999,25460800,20.543789
2015-05-14,20.990000,21.250000,20.709999,20.820000,49156300,20.642939
2015-05-13,20.590000,20.889999,20.559999,20.780001,48741500,20.603279
2015-05-12,20.080000,20.340000,20.070000,20.290001,32359200,20.117447
2015-05-11,19.940001,20.160000,19.790001,20.020000,15760400,19.849743
2015-05-08,19.940001,20.070000,19.639999,19.969999,24672100,19.800167
2015-05-07,19.530001,19.840000,19.280001,19.830000,48920300,19.661358
2015-05-06,20.320000,20.350000,19.660000,19.709999,46000500,19.542377
2015-05-05,20.620001,20.709999,20.100000,20.219999,30224300,20.048040
2015-05-04,20.590000,20.660000,20.280001,20.410000,20459700,20.236425
2015-05-01,19.910000,20.270000,19.889999,20.270000,30991700,20.097616
2015-04-30,20.180000,20.260000,19.860001,20.110001,58552500,19.938976
2015-04-29,20.530001,20.900000,20.389999,20.719999,48166600,20.543789
2015-04-28,19.879999,20.559999,19.879999,20.530001,61169700,20.355406
2015-04-27,19.610001,20.180000,19.540001,19.760000,56813000,19.591953
2015-04-24,19.620001,19.830000,19.360001,19.360001,41542900,19.195356
2015-04-23,19.340000,19.889999,19.340000,19.780001,43056500,19.611784
2015-04-22,19.799999,19.889999,19.309999,19.309999,52298200,19.145781
2015-04-21,19.850000,20.070000,19.680000,19.969999,18308100,19.800167
2015-04-20,19.559999,19.850000,19.450001,19.830000,22548100,19.661358
2015-04-17,19.840000,20.059999,19.660000,19.719999,25575900,19.552294
2015-04-16,20.040001,20.230000,19.639999,19.740000,36435000,19.572123
2015-04-15,19.570000,20.020000,19.420000,19.980000,45624200,19.810081
2015-04-14,19.280001,19.600000,19.240000,19.410000,24945600,19.244930
2015-04-13,19.480000,19.490000,19.200001,19.260000,24567200,19.096207
2015-04-10,19.280001,19.490000,19.270000,19.450001,41732000,19.284590
2015-04-09,18.870001,19.059999,18.770000,18.910000,19143000,18.749182
2015-04-08,19.299999,19.430000,18.900000,19.090000,30498200,18.927650
2015-04-07,19.549999,19.629999,19.180000,19.190001,51149600,19.026800
2015-04-06,19.629999,19.799999,19.469999,19.700001,50548500,19.532463
2015-04-02,19.070000,19.350000,18.760000,18.990000,47542800,18.828501
2015-04-01,18.540001,19.250000,18.459999,19.209999,82601100,19.046631
2015-03-31,18.540001,18.639999,18.160000,18.240000,34256400,18.084881
2015-03-30,18.530001,18.719999,18.379999,18.469999,37549400,18.312923
2015-03-27,18.930000,19.150000,18.629999,18.840000,35143400,18.679777
2015-03-26,19.680000,19.879999,18.870001,19.070000,53919800,18.907822
2015-03-25,19.850000,19.910000,19.350000,19.360001,32797200,19.195356
2015-03-24,19.809999,19.830000,19.530001,19.639999,27594500,19.472973
2015-03-23,19.459999,19.770000,19.340000,19.750000,37938900,19.582039
2015-03-20,18.950001,19.480000,18.889999,19.330000,55471900,19.165609
2015-03-19,18.700001,18.889999,18.450001,18.709999,30136900,18.550882
2015-03-18,17.879999,18.879999,17.709999,18.840000,83455800,18.679777
2015-03-17,17.850000,18.299999,17.750000,17.930000,41382000,17.777517
2015-03-16,18.120001,18.280001,17.750000,18.110001,28041200,17.955986
2015-03-13,18.160000,18.170000,17.559999,18.070000,38433500,17.916325
2015-03-12,18.330000,18.420000,17.870001,18.070000,50202100,17.916325
2015-03-11,17.700001,18.260000,17.290001,18.200001,72568600,18.045221
2015-03-10,17.950001,18.250000,17.480000,17.670000,57613900,17.519728
2015-03-09,18.750000,18.809999,17.910000,17.910000,66267700,17.757687
2015-03-06,19.480000,19.480000,18.510000,18.580000,106781600,18.421988
2015-03-05,20.200001,20.379999,19.940001,20.080000,19225600,19.909231
2015-03-04,20.430000,20.450001,19.990000,20.040001,34871100,19.869574
2015-03-03,20.840000,21.049999,20.290001,20.379999,36239400,20.206680
2015-03-02,21.309999,21.350000,20.639999,20.760000,51326400,20.583448
2015-02-27,21.170000,21.480000,21.110001,21.280001,33900100,21.099028
2015-02-26,21.120001,21.150000,20.889999,20.959999,23794700,20.781748
2015-02-25,20.620001,20.950001,20.549999,20.790001,42515900,20.613195
2015-02-24,20.330000,20.639999,20.209999,20.420000,27003500,20.246340
2015-02-23,20.330000,20.740000,20.209999,20.540001,29428700,20.365320
2015-02-20,20.650000,20.930000,20.420000,20.450001,28204700,20.276087
2015-02-19,21.059999,21.120001,20.420000,20.540001,44351800,20.365320
2015-02-18,20.600000,21.160000,20.370001,21.040001,62464800,20.861069
2015-02-17,20.740000,20.910000,20.500000,20.570000,47904200,20.395063
2015-02-13,21.299999,21.559999,21.200001,21.260000,20499400,21.079197
2015-02-12,21.110001,21.270000,20.889999,21.150000,36041000,20.970133
2015-02-11,21.350000,21.400000,20.820000,20.860001,37436200,20.682598
2015-02-10,21.440001,21.490000,21.129999,21.280001,35880700,21.099028
2015-02-09,21.530001,21.860001,21.520000,21.690001,31117400,21.505541
2015-02-06,21.750000,21.969999,21.309999,21.330000,83648300,21.148602
2015-02-05,22.129999,22.590000,22.000000,22.580000,26392000,22.387972
2015-02-04,22.150000,22.500000,21.879999,22.270000,37901100,22.080608
2015-02-03,22.160000,22.430000,21.709999,21.870001,52864500,21.684010
2015-02-02,21.830000,22.680000,21.799999,22.450001,41388300,22.259077
2015-01-30,21.670000,22.330000,21.299999,22.290001,51653100,22.100437
2015-01-29,21.420000,21.740000,21.080000,21.590000,48279300,21.406389
2015-01-28,22.510000,22.719999,21.730000,21.969999,69658600,21.783157
2015-01-27,22.360001,22.930000,22.309999,22.879999,52575300,22.685419
2015-01-26,21.370001,22.160000,21.129999,22.150000,38330300,21.961626
2015-01-23,22.219999,22.309999,21.620001,21.740000,51411300,21.555115
2015-01-22,22.820000,22.950001,22.320000,22.420000,37732400,22.229332
2015-01-21,23.200001,23.219999,22.100000,22.540001,60199000,22.348312
2015-01-20,22.670000,23.090000,22.600000,22.940001,73781200,22.744909
2015-01-16,21.709999,22.330000,21.680000,22.160000,68948500,21.971542
2015-01-15,21.190001,21.650000,21.059999,21.480000,84358300,21.297325
2015-01-14,21.090000,21.120001,19.879999,20.309999,64255900,20.137276
2015-01-13,21.870001,21.889999,20.309999,20.549999,75387000,20.375235
2015-01-12,20.889999,21.760000,20.780001,21.490000,62924400,21.307240
2015-01-09,20.129999,20.730000,20.129999,20.709999,56339000,20.533873
2015-01-08,20.230000,20.570000,19.610001,19.790001,46813900,19.621698
2015-01-07,20.010000,20.670000,19.820000,20.090000,45809700,19.919147
2015-01-06,19.629999,20.690001,19.540001,20.469999,76091200,20.295914
2015-01-05,19.059999,19.469999,18.760000,19.440001,46021100,19.274675
2015-01-02,18.070000,18.950001,17.950001,18.940001,47287400,18.778927
2014-12-31,18.270000,18.600000,18.049999,18.379999,29107600,18.223688
2014-12-30,18.170000,18.709999,18.150000,18.450001,61264100,18.293095
2014-12-29,18.170000,18.190001,17.750000,17.820000,39723400,17.668451
2014-12-26,18.350000,18.480000,18.040001,18.240000,39305800,18.084881
2014-12-24,17.350000,17.959999,17.160000,17.770000,40803300,17.618877
2014-12-23,17.500000,18.070000,17.209999,17.299999,41643500,17.152872
2014-12-22,18.400000,18.500000,17.360001,17.459999,73948700,17.311512
2014-12-19,18.719999,19.030001,18.530001,18.530001,46674500,18.252443
2014-12-18,18.410000,18.850000,18.070000,18.760000,62391200,18.478996
2014-12-17,17.280001,18.100000,17.160000,17.980000,90028100,17.710680
2014-12-16,17.910000,18.000000,17.080000,17.100000,64026200,16.843863
2014-12-15,18.360001,18.719999,17.320000,17.340000,90290400,17.080267
2014-12-12,18.950001,19.150000,18.570000,18.650000,43489900,18.370646
2014-12-11,18.980000,19.639999,18.860001,19.000000,41317400,18.715403
2014-12-10,19.760000,20.209999,19.209999,19.209999,61161000,18.922256
2014-12-09,19.520000,20.170000,19.430000,19.770000,78927800,19.473869
2014-12-08,19.020000,19.250000,18.270000,18.889999,52915800,18.607050
2014-12-05,18.850000,19.110001,18.650000,18.750000,46715200,18.469147
2014-12-04,19.650000,19.870001,19.180000,19.200001,49542400,18.912407
2014-12-03,19.500000,19.969999,17.719999,19.250000,52488100,18.961658
2014-12-02,19.080000,19.660000,18.910000,19.200001,54543300,18.912407
2014-12-01,18.950001,19.860001,18.840000,19.719999,87972600,19.424618
2014-11-28,19.270000,19.280001,18.090000,18.360001,113272100,18.084990
2014-11-26,20.330000,20.350000,20.040001,20.100000,36643000,19.798925
2014-11-25,19.650000,20.420000,19.620001,20.389999,72984400,20.084581
2014-11-24,19.770000,19.950001,19.430000,19.590000,40821500,19.296564
2014-11-21,20.230000,20.290001,19.570000,19.879999,45994100,19.582220
2014-11-20,19.660000,19.930000,19.360001,19.709999,58492700,19.414766
2014-11-19,20.230000,20.260000,19.120001,19.190001,120983300,18.902557
2014-11-18,19.719999,20.379999,19.570000,20.299999,79925400,19.995930
2014-11-17,18.850000,19.510000,18.660000,19.389999,58651700,19.099560
2014-11-14,17.639999,19.180000,17.540001,19.020000,110735500,18.735104
2014-11-13,18.459999,18.530001,17.809999,17.940001,56202100,17.671280
2014-11-12,18.430000,18.700001,17.790001,18.240000,46634200,17.966785
2014-11-11,17.770000,18.549999,17.730000,18.219999,86722200,17.947084
2014-11-10,18.320000,18.320000,17.309999,17.450001,111605600,17.188620
2014-11-07,17.559999,18.690001,17.540001,18.639999,136476900,18.360794
2014-11-06,16.900000,17.690001,16.850000,17.209999,103000000,16.952213
2014-11-05,16.680000,17.340000,16.450001,16.590000,86227300,16.341501
2014-11-04,17.790001,17.820000,17.129999,17.209999,67537600,16.952213
2014-11-03,17.440001,18.000000,17.250000,17.910000,74222500,17.641729
2014-10-31,17.330000,17.790001,16.889999,17.209999,103841400,16.952213
2014-10-30,19.430000,19.450001,18.160000,18.200001,113088500,17.927385
2014-10-29,20.290001,20.530001,19.570000,19.639999,68045200,19.345816
2014-10-28,20.290001,20.540001,20.100000,20.530001,32570200,20.222485
2014-10-27,20.350000,20.400000,20.090000,20.110001,28523200,19.808777
2014-10-24,20.530001,20.639999,20.270000,20.469999,16302400,20.163383
2014-10-23,20.250000,20.719999,20.049999,20.559999,36274300,20.252035
2014-10-22,20.969999,21.059999,20.420000,20.440001,40030800,20.133833
2014-10-21,21.430000,21.580000,21.020000,21.100000,21702100,20.783947
2014-10-20,20.950001,21.230000,20.799999,21.200001,32998700,20.882450
2014-10-17,21.410000,21.440001,20.690001,20.690001,54513000,20.380089
2014-10-16,21.309999,21.770000,21.230000,21.360001,28753500,21.040052
2014-10-15,21.510000,21.930000,21.200001,21.450001,36039100,21.128704
2014-10-14,21.280001,21.750000,21.230000,21.370001,36062500,21.049904
2014-10-13,21.129999,21.760000,21.010000,21.120001,45807100,20.803648
2014-10-10,21.129999,21.610001,20.670000,20.770000,52079000,20.458891
2014-10-09,21.900000,21.920000,20.719999,21.219999,77681600,20.902149
2014-10-08,20.670000,22.160000,20.110001,21.940001,114256600,21.611364
2014-10-07,21.219999,21.280001,20.410000,20.420000,59344300,20.114132
2014-10-06,20.900000,21.230000,20.740000,21.160000,43922100,20.843048
2014-10-03,21.250000,21.250000,20.629999,20.629999,72263700,20.320986
2014-10-02,21.559999,21.700001,21.230000,21.620001,30790500,21.296160
2014-10-01,21.480000,21.840000,21.389999,21.400000,32615000,21.079453
2014-09-30,21.690001,21.870001,21.290001,21.360001,44049300,21.040052
2014-09-29,22.120001,22.170000,21.740000,21.750000,22893400,21.424212
2014-09-26,22.200001,22.230000,21.920000,21.980000,30222900,21.650764
2014-09-25,21.990000,22.370001,21.850000,22.350000,35894800,22.015224
2014-09-24,22.370001,22.590000,22.180000,22.209999,29477400,21.877319
2014-09-23,22.500000,22.660000,22.240000,22.540001,34631500,22.202377
2014-09-22,22.530001,22.540001,22.020000,22.180000,41175500,21.847771
2014-09-19,23.100000,23.129999,22.490000,22.660000,51690900,22.320580
2014-09-18,23.350000,23.459999,23.080000,23.129999,35030900,22.783539
2014-09-17,24.020000,24.080000,23.389999,23.430000,41435400,23.079046
2014-09-16,23.910000,24.250000,23.670000,24.000000,27000500,23.640509
2014-09-15,24.010000,24.040001,23.750000,23.910000,20102500,23.551855
2014-09-12,24.030001,24.200001,23.790001,23.879999,32421600,23.522305
2014-09-11,23.920000,24.330000,23.770000,24.270000,29420500,23.906464
2014-09-10,24.290001,24.459999,23.959999,24.100000,33863700,23.739012
2014-09-09,24.209999,24.639999,24.030001,24.559999,29675800,24.192120
2014-09-08,24.900000,24.920000,24.150000,24.190001,44416600,23.827663
2014-09-05,25.010000,25.100000,24.660000,25.070000,29706700,24.694481
2014-09-04,25.900000,25.969999,24.799999,24.879999,48013800,24.507326
2014-09-03,25.910000,26.000000,25.760000,25.780001,18809800,25.393847
2014-09-02,26.160000,26.200001,25.770000,25.809999,45629200,25.423395
2014-08-29,26.370001,26.740000,26.290001,26.690001,16430600,26.290216
2014-08-28,26.410000,26.490000,26.270000,26.459999,18631500,26.063660
2014-08-27,26.200001,26.330000,26.070000,26.110001,12577500,25.718903
2014-08-26,26.000000,26.240000,25.889999,26.190001,31613500,25.797705
2014-08-25,26.020000,26.020000,25.610001,25.620001,25534700,25.236242
2014-08-22,26.129999,26.230000,25.870001,26.100000,15593600,25.709053
2014-08-21,26.299999,26.350000,25.930000,26.070000,47056300,25.679502
2014-08-20,26.740000,26.980000,26.549999,26.660000,15985200,26.260664
2014-08-19,26.950001,27.040001,26.639999,26.690001,20323300,26.290216
2014-08-18,26.690001,27.000000,26.590000,26.990000,16707000,26.585720
2014-08-15,26.650000,27.040001,26.580000,26.820000,29043500,26.418268
2014-08-14,27.400000,27.580000,26.969999,27.129999,27201700,26.723623
2014-08-13,27.459999,27.629999,27.270000,27.400000,16989400,26.989580
2014-08-12,27.120001,27.570000,27.070000,27.430000,31400400,27.019131
2014-08-11,26.650000,26.969999,26.639999,26.969999,13519500,26.566019
2014-08-08,26.809999,27.080000,26.629999,26.780001,13860400,26.378868
2014-08-07,26.570000,26.889999,26.379999,26.760000,17953800,26.359167
2014-08-06,26.530001,26.790001,26.480000,26.690001,38162200,26.290216
2014-08-05,25.850000,26.219999,25.590000,26.100000,25597200,25.709053
2014-08-04,26.139999,26.260000,25.730000,25.950001,24726000,25.561300
2014-08-01,26.219999,27.520000,25.930000,26.200001,30954500,25.807556
2014-07-31,26.219999,26.309999,25.840000,25.910000,33849300,25.521898
2014-07-30,26.650000,26.660000,26.200001,26.469999,32753900,26.073509
2014-07-29,27.030001,27.120001,26.660000,26.760000,22239100,26.359167
2014-07-28,26.639999,27.000000,26.570000,26.990000,16168400,26.585720
2014-07-25,26.100000,26.830000,26.040001,26.820000,37295300,26.418268
2014-07-24,26.309999,26.330000,25.950001,26.080000,32711300,25.689352
2014-07-23,26.580000,26.860001,26.469999,26.490000,20042200,26.093210
2014-07-22,26.799999,26.900000,26.520000,26.590000,24406300,26.191713
2014-07-21,27.049999,27.059999,26.510000,26.900000,20045600,26.497068
2014-07-18,26.680000,26.969999,26.459999,26.940001,29638500,26.536470
2014-07-17,26.400000,27.059999,26.340000,26.990000,49433900,26.585720
2014-07-16,25.990000,26.469999,25.959999,26.280001,35829100,25.886356
2014-07-15,26.690001,26.889999,25.750000,25.780001,57239800,25.393847
2014-07-14,26.520000,26.930000,26.430000,26.600000,50884100,26.201565
2014-07-11,26.740000,27.379999,26.700001,27.320000,44288000,26.910778
2014-07-10,27.610001,27.780001,26.590000,26.610001,56464800,26.211414
2014-07-09,26.620001,27.240000,26.590000,27.150000,45722200,26.743324
2014-07-08,26.320000,26.469999,25.889999,26.459999,39251800,26.063660
2014-07-07,26.200001,26.270000,26.000000,26.040001,27758400,25.649952
2014-07-03,26.200001,26.500000,25.940001,26.500000,24026700,26.103062
2014-07-02,26.209999,26.690001,26.209999,26.480000,47776900,26.083361
2014-07-01,26.500000,26.650000,26.150000,26.240000,37682400,25.846954
2014-06-30,25.780001,26.530001,25.650000,26.450001,35173700,26.053810
2014-06-27,25.940001,26.150000,25.709999,25.980000,18777600,25.590851
2014-06-26,25.580000,25.990000,25.430000,25.950001,24494300,25.561300
2014-06-25,25.469999,25.969999,25.450001,25.760000,26661400,25.374146
2014-06-24,26.389999,26.530001,25.469999,25.469999,47793000,25.088490
2014-06-23,25.879999,26.309999,25.719999,26.270000,29849300,25.876507
2014-06-20,25.889999,26.059999,25.629999,25.820000,39255700,25.433247
2014-06-19,25.170000,26.100000,25.139999,26.090000,79263400,25.699203
2014-06-18,24.100000,24.780001,24.030001,24.760000,37017800,24.389124
2014-06-17,23.760000,24.160000,23.680000,24.120001,18753900,23.758713
2014-06-16,24.200001,24.270000,23.920000,23.980000,26461100,23.620808
2014-06-13,23.980000,24.120001,23.690001,24.110001,27970100,23.748861
2014-06-12,23.490000,24.040001,23.459999,24.030001,36108300,23.670059
2014-06-11,23.120001,23.410000,23.059999,23.410000,26206500,23.059345
2014-06-10,22.670000,23.040001,22.650000,23.030001,23569000,22.685038
2014-06-09,22.639999,22.780001,22.530001,22.549999,9406200,22.212227
2014-06-06,22.639999,22.680000,22.340000,22.639999,16146600,22.300879
2014-06-05,22.500000,22.790001,22.420000,22.650000,23394100,22.310728
2014-06-04,22.400000,22.430000,22.230000,22.280001,16684600,21.946272
2014-06-03,22.290001,22.420000,22.000000,22.370001,17797700,22.034924
2014-06-02,22.320000,22.540001,22.150000,22.290001,21523400,21.956123
2014-05-30,22.139999,22.500000,21.940001,22.500000,28665000,22.162975
2014-05-29,21.959999,22.459999,21.930000,22.240000,20726800,21.906872
2014-05-28,22.330000,22.420000,21.930000,22.040001,38713400,21.709867
2014-05-27,23.000000,23.020000,22.410000,22.410000,42767100,22.074324
2014-05-23,23.420000,23.500000,23.299999,23.309999,8163800,22.960842
2014-05-22,23.629999,23.639999,23.389999,23.389999,10736700,23.039644
2014-05-21,23.280001,23.490000,23.219999,23.450001,11669100,23.098747
2014-05-20,23.280001,23.520000,23.260000,23.389999,9777000,23.039644
2014-05-19,23.620001,23.650000,23.270000,23.410000,11015300,23.059345
2014-05-16,23.480000,23.580000,23.330000,23.420000,14762700,23.069197
2014-05-15,23.809999,23.940001,23.510000,23.620001,26428900,23.266201
2014-05-14,24.040001,24.129999,23.959999,24.010000,16749000,23.650358
2014-05-13,23.930000,24.100000,23.740000,23.750000,12505800,23.394253
2014-05-12,24.010000,24.120001,23.850000,23.930000,16204900,23.571556
2014-05-09,23.850000,23.950001,23.520000,23.730000,10691700,23.374552
2014-05-08,23.820000,23.990000,23.719999,23.770000,13305600,23.413954
2014-05-07,24.200001,24.209999,23.620001,23.809999,34352300,23.453354
2014-05-06,24.430000,24.440001,24.250000,24.280001,8793200,23.916315
2014-05-05,24.600000,24.670000,24.290001,24.410000,13954400,24.044367
2014-05-02,23.920000,24.389999,23.809999,24.320000,30655700,23.955715
2014-05-01,23.850000,24.010000,23.730000,23.790001,21062200,23.433655
2014-04-30,24.049999,24.340000,23.930000,24.110001,19155500,23.748861
2014-04-29,23.930000,24.450001,23.920000,24.309999,25448500,23.945864
2014-04-28,24.309999,24.340000,23.879999,23.990000,28567200,23.630657
2014-04-25,24.129999,24.480000,24.030001,24.459999,32620000,24.093616
2014-04-24,23.950001,24.360001,23.840000,23.940001,29250600,23.581408
2014-04-23,23.830000,24.469999,23.770000,24.270000,44932000,23.906464
2014-04-22,23.540001,23.820000,23.330000,23.790001,21896000,23.433655
2014-04-21,23.580000,23.740000,23.040001,23.510000,33215100,23.157848
2014-04-17,23.799999,23.959999,23.540001,23.570000,19332100,23.216949
2014-04-16,24.040001,24.080000,23.670000,23.799999,24011100,23.443502
2014-04-15,23.830000,24.070000,23.530001,24.020000,40829300,23.660210
2014-04-14,24.570000,24.830000,24.379999,24.520000,26719400,24.152719
2014-04-11,24.639999,24.799999,24.129999,24.219999,25661000,23.857212
2014-04-10,25.240000,25.299999,24.530001,24.570000,33824400,24.201969
2014-04-09,24.600000,25.340000,24.500000,25.070000,28068600,24.694481
2014-04-08,24.680000,24.930000,24.490000,24.879999,35477500,24.507326
2014-04-07,24.180000,24.639999,24.059999,24.260000,26017500,23.896614
2014-04-04,24.629999,24.660000,24.139999,24.260000,30183500,23.896614
2014-04-03,24.100000,24.129999,23.799999,24.070000,29477700,23.709459
2014-04-02,24.100000,24.490000,24.080000,24.320000,50757600,23.955715
2014-04-01,23.719999,23.879999,23.500000,23.690001,19095400,23.335152
2014-03-31,23.959999,24.170000,23.440001,23.610001,45688600,23.256351
2014-03-28,23.700001,24.350000,23.510000,24.100000,46141600,23.739012
2014-03-27,23.459999,23.889999,23.270000,23.820000,38461400,23.463203
2014-03-26,24.500000,24.620001,23.480000,23.490000,60261900,23.138147
2014-03-25,24.549999,24.750000,24.360001,24.480000,40283600,24.113317
2014-03-24,25.110001,25.219999,24.290001,24.330000,60563300,23.965565
2014-03-21,25.850000,25.940001,25.280001,25.520000,23183300,25.137741
2014-03-20,25.219999,25.790001,25.160000,25.469999,30817600,25.088490
2014-03-19,26.219999,26.330000,25.420000,25.440001,59004800,25.058939
2014-03-18,26.420000,26.870001,26.260000,26.430000,35900800,26.034109
2014-03-17,27.549999,27.620001,26.799999,26.799999,57393200,26.398567
2014-03-14,27.969999,28.030001,27.420000,27.730000,33467300,27.314636
2014-03-13,26.850000,27.639999,26.760000,27.629999,51290800,27.216133
2014-03-12,26.549999,26.940001,26.440001,26.920000,48251500,26.516769
2014-03-11,26.260000,26.330000,25.940001,26.129999,40182800,25.738602
2014-03-10,26.180000,26.270000,25.860001,25.969999,22459800,25.580999
2014-03-07,26.360001,26.379999,26.049999,26.180000,41153600,25.787855
2014-03-06,26.700001,26.870001,26.549999,26.790001,30022900,26.388718
2014-03-05,26.150000,26.520000,26.010000,26.500000,24839500,26.103062
2014-03-04,25.959999,26.280001,25.830000,26.100000,21126300,25.709053
2014-03-03,26.670000,26.740000,26.219999,26.299999,38957700,25.906055
2014-02-28,26.080000,26.170000,25.750000,25.879999,26854600,25.492348
2014-02-27,26.139999,26.469999,25.910000,25.969999,24135500,25.580999
2014-02-26,26.100000,26.299999,25.780001,26.049999,37403200,25.659801
2014-02-25,26.670000,26.799999,26.299999,26.330000,33248100,25.935608
2014-02-24,26.900000,26.959999,26.690001,26.700001,26237700,26.300066
2014-02-21,26.709999,26.850000,26.250000,26.530001,38899700,26.132612
2014-02-20,25.790001,26.760000,25.719999,26.670000,48798000,26.270515
2014-02-19,26.280001,26.559999,25.559999,25.629999,49689800,25.246092
2014-02-18,26.570000,26.600000,26.090000,26.459999,30546700,26.063660
2014-02-14,26.420000,26.680000,26.049999,26.350000,52546300,25.955309
2014-02-13,24.830000,25.889999,24.730000,25.870001,59204100,25.482498
2014-02-12,25.629999,25.650000,24.719999,24.770000,58448600,24.398975
2014-02-11,24.990000,25.760000,24.930000,25.650000,60141000,25.265793
2014-02-10,24.230000,24.780001,24.230000,24.700001,46083500,24.330025
2014-02-07,23.230000,23.940001,23.219999,23.910000,41599600,23.551855
2014-02-06,23.379999,23.469999,23.070000,23.190001,17131300,22.842642
2014-02-05,23.790001,23.820000,23.190001,23.209999,26263800,22.862341
2014-02-04,23.209999,23.600000,23.160000,23.590000,25405500,23.236650
2014-02-03,23.690001,24.000000,23.299999,23.299999,29233300,22.950993
2014-01-31,23.740000,23.760000,23.170000,23.480000,28864000,23.128298
2014-01-30,23.309999,23.620001,23.250000,23.490000,39061500,23.138147
2014-01-29,23.760000,24.049999,23.350000,24.010000,45294600,23.650358
2014-01-28,23.020000,23.510000,22.809999,23.400000,35800200,23.049496
2014-01-27,23.520000,23.590000,22.870001,22.889999,39306300,22.547134
2014-01-24,24.010000,24.190001,23.120001,23.670000,35768500,23.315451
2014-01-23,23.540001,24.000000,23.530001,23.719999,45871700,23.364702
2014-01-22,23.549999,23.549999,22.980000,23.090000,36751100,22.744139
2014-01-21,23.049999,23.809999,22.930000,23.700001,36615000,23.345003
2014-01-17,22.900000,23.379999,22.850000,23.330000,39755700,22.980543
2014-01-16,22.580000,22.700001,22.410000,22.620001,17849900,22.281179
2014-01-15,21.950001,22.420000,21.870001,22.389999,25062000,22.054623
2014-01-14,22.469999,22.790001,22.049999,22.100000,44762000,21.768969
2014-01-13,22.059999,22.670000,21.879999,22.650000,40953500,22.310728
2014-01-10,21.670000,22.059999,21.580000,22.010000,48807100,21.680317
2014-01-09,21.570000,21.590000,21.260000,21.270000,26816900,20.951401
2014-01-08,21.660000,21.799999,21.490000,21.610001,32699500,21.286308
2014-01-07,21.700001,21.990000,21.540001,21.969999,20746000,21.640915
2014-01-06,21.990000,22.240000,21.879999,21.930000,27905100,21.601515
2014-01-03,22.139999,22.219999,21.809999,21.830000,24075200,21.503012
2014-01-02,21.590000,22.090000,21.570000,22.030001,50923300,21.700018
2013-12-31,20.530001,21.250000,20.520000,21.129999,45942200,20.813498
2013-12-30,21.040001,21.170000,20.629999,20.639999,41975200,20.330835
2013-12-27,21.200001,21.250000,20.990000,21.250000,20863900,20.931700
2013-12-26,21.270000,21.400000,20.900000,21.049999,18396900,20.734695
2013-12-24,20.420000,21.040001,20.420000,21.030001,34891900,20.714996
2013-12-23,20.330000,20.440001,20.240000,20.389999,18645900,20.084581
2013-12-20,20.639999,20.790001,20.510000,20.530001,26982400,20.034348
2013-12-19,20.450001,20.629999,20.370001,20.500000,34844500,20.005070
2013-12-18,21.309999,21.670000,20.820000,20.860001,51982900,20.356379
2013-12-17,21.160000,21.350000,21.000000,21.190001,25799700,20.678411
2013-12-16,21.250000,21.570000,21.080000,21.379999,30996800,20.863825
2013-12-13,21.240000,21.440001,21.020000,21.110001,27341400,20.600344
2013-12-12,20.670000,21.049999,20.510000,21.010000,29255000,20.502756
2013-12-11,22.010000,22.010000,21.180000,21.190001,41639900,20.678411
2013-12-10,21.879999,22.190001,21.830000,22.030001,53807700,21.498133
2013-12-09,20.799999,21.209999,20.730000,21.209999,46482400,20.697927
2013-12-06,21.010000,21.139999,20.639999,20.660000,24136900,20.161207
2013-12-05,20.620001,21.040001,20.559999,20.670000,47038600,20.170965
2013-12-04,20.830000,21.410000,20.610001,21.219999,60397000,20.707687
2013-12-03,20.770000,21.030001,20.570000,20.570000,39831700,20.073380
2013-12-02,21.790001,21.879999,20.900000,20.900000,73218400,20.395412
2013-11-29,22.110001,22.400000,22.030001,22.280001,27521400,21.742096
2013-11-27,21.879999,21.980000,21.580000,21.809999,26314800,21.283442
2013-11-26,21.980000,22.110001,21.610001,21.660000,35439100,21.137064
2013-11-25,21.850000,22.410000,21.520000,22.200001,49429800,21.664028
2013-11-22,22.629999,22.850000,22.250000,22.250000,29647700,21.712820
2013-11-21,22.629999,22.670000,22.230000,22.530001,44479000,21.986061
2013-11-20,23.389999,23.629999,22.660000,22.850000,62055700,22.298334
2013-11-19,23.740000,23.879999,23.540001,23.690001,19716300,23.118055
2013-11-18,24.080000,24.120001,23.580000,23.670000,37617300,23.098537
2013-11-15,24.629999,24.700001,24.049999,24.129999,37580000,23.547430
2013-11-14,24.250000,24.590000,24.120001,24.549999,48882100,23.957291
2013-11-13,23.959999,24.080000,23.750000,23.910000,21370400,23.332743
2013-11-12,24.049999,24.320000,23.660000,23.780001,37518000,23.205881
2013-11-11,24.049999,24.340000,23.730000,24.299999,27788400,23.713326
2013-11-08,23.870001,24.299999,23.500000,24.280001,40162600,23.693811
2013-11-07,24.420000,24.900000,24.100000,24.139999,37682400,23.557190
2013-11-06,24.740000,24.900000,24.639999,24.790001,22748600,24.191498
2013-11-05,24.629999,24.700001,24.200001,24.490000,24843100,23.898741
2013-11-04,24.379999,24.860001,24.299999,24.809999,36347100,24.211014
2013-11-01,24.660000,24.719999,24.020000,24.080000,59342300,23.498638
2013-10-31,25.450001,25.680000,25.090000,25.100000,56234000,24.494013
2013-10-30,26.250000,26.430000,25.180000,26.230000,42162800,25.596731
2013-10-29,26.389999,26.480000,25.700001,25.780001,38950500,25.157597
2013-10-28,26.389999,26.910000,26.070000,26.540001,27557200,25.899248
2013-10-25,25.980000,26.450001,25.740000,26.320000,24939200,25.684559
2013-10-24,25.850000,26.270000,25.790001,26.129999,56123000,25.499146
2013-10-23,25.809999,26.000000,25.080000,25.180000,45435300,24.572083
2013-10-22,25.500000,26.120001,25.430000,26.020000,53476300,25.391802
2013-10-21,24.469999,24.969999,24.430000,24.930000,27070400,24.328117
2013-10-18,24.520000,24.770000,24.299999,24.379999,23734800,23.791395
2013-10-17,24.129999,24.969999,24.090000,24.500000,61897600,23.908499
2013-10-16,23.639999,23.680000,23.219999,23.280001,39103400,22.717953
2013-10-15,22.980000,23.780001,22.879999,23.760000,49631500,23.186363
2013-10-14,23.230000,23.340000,22.920000,23.110001,22566300,22.552057
2013-10-11,23.219999,23.370001,22.930000,23.049999,46747300,22.493505
2013-10-10,23.840000,24.100000,23.459999,23.559999,36571100,22.991192
2013-10-09,23.620001,24.160000,23.129999,23.920000,33991300,23.342501
2013-10-08,24.570000,24.639999,23.600000,23.820000,48557000,23.244915
2013-10-07,24.400000,24.629999,24.330000,24.590000,33627300,23.996326
2013-10-04,24.330000,24.450001,24.030001,24.190001,24234600,23.605984
2013-10-03,24.559999,24.799999,24.250000,24.260000,27697600,23.674294
2013-10-02,24.650000,25.070000,24.469999,24.490000,35018800,23.898741
2013-10-01,24.420000,24.650000,24.299999,24.410000,48633800,23.820671
2013-09-30,24.900000,25.370001,24.809999,25.020000,28640200,24.415945
2013-09-27,25.459999,25.670000,24.930000,25.170000,25521800,24.562323
2013-09-26,25.530001,25.780001,24.799999,25.110001,39161000,24.503773
2013-09-25,25.230000,26.000000,25.170000,25.520000,52931800,24.903873
2013-09-24,24.840000,25.340000,24.570000,25.080000,41784500,24.474495
2013-09-23,25.540001,26.070000,24.750000,25.170000,55259900,24.562323
2013-09-20,26.910000,26.920000,25.549999,25.760000,95898100,25.138079
2013-09-19,28.450001,28.510000,26.980000,27.360001,72377600,26.699450
2013-09-18,25.650000,28.639999,25.469999,28.250000,114753100,27.567963
2013-09-17,25.650000,25.930000,25.430000,25.930000,39034600,25.303974
2013-09-16,25.780001,26.030001,25.370001,25.389999,36537700,24.777012
2013-09-13,25.160000,25.730000,25.080000,25.629999,50205800,25.011215
2013-09-12,25.900000,26.000000,25.240000,25.290001,64028900,24.679426
2013-09-11,26.680000,26.830000,26.200001,26.790001,34982000,26.143211
2013-09-10,27.090000,27.129999,26.450001,26.570000,46624300,25.928522
2013-09-09,28.010000,28.180000,27.559999,27.650000,29911900,26.982449
2013-09-06,27.950001,28.290001,27.799999,28.010000,31426800,27.333757
2013-09-05,28.299999,28.410000,27.430000,27.530001,48364600,26.865347
2013-09-04,28.049999,28.580000,27.879999,28.580000,34233800,27.889996
2013-09-03,28.650000,28.910000,28.280001,28.400000,35970300,27.714340
2013-08-30,28.030001,28.660000,27.850000,28.129999,40929400,27.450859
2013-08-29,28.030001,28.920000,27.540001,28.540001,61229600,27.850962
2013-08-28,29.410000,29.959999,28.129999,28.299999,62618100,27.616755
2013-08-27,31.280001,31.350000,29.059999,29.100000,63019200,28.397442
2013-08-26,30.389999,30.879999,30.030001,30.410000,34120400,29.675814
2013-08-23,29.330000,30.410000,29.299999,30.139999,42793200,29.412333
2013-08-22,29.400000,29.889999,29.070000,29.370001,35527500,28.660923
2013-08-21,29.910000,30.030001,28.910000,28.930000,53748500,28.231546
2013-08-20,29.309999,30.520000,29.240000,30.330000,44816400,29.597746
2013-08-19,29.850000,30.010000,29.120001,29.230000,31219400,28.524302
2013-08-16,30.740000,30.940001,29.480000,29.790001,48518000,29.070784
2013-08-15,28.160000,30.430000,28.110001,30.430000,66608300,29.695332
2013-08-14,27.459999,28.760000,27.430000,28.700001,53862500,28.007099
2013-08-13,27.799999,28.040001,27.049999,27.190001,36959000,26.533554
2013-08-12,27.580000,28.200001,27.570000,28.010000,49441900,27.333757
2013-08-09,25.889999,26.980000,25.559999,26.469999,45317800,25.830936
2013-08-08,24.379999,26.090000,24.270000,26.000000,65972000,25.372284
2013-08-07,23.940001,24.490000,23.889999,23.940001,19506600,23.362019
2013-08-06,25.000000,25.020000,24.030001,24.030001,38664100,23.449846
2013-08-05,25.620001,26.040001,25.340000,25.430000,18584400,24.816046
2013-08-02,26.150000,26.530001,25.520000,25.590000,32483200,24.972183
2013-08-01,27.100000,27.150000,26.100000,26.170000,28548000,25.538179
2013-07-31,27.080000,27.680000,26.389999,26.990000,27347600,26.338383
2013-07-30,27.219999,27.379999,26.850000,27.059999,17316000,26.406693
2013-07-29,27.650000,27.719999,27.219999,27.230000,19000000,26.572588
2013-07-26,26.900000,27.600000,26.610001,27.580000,25046200,26.914139
2013-07-25,26.750000,27.700001,26.719999,27.209999,28249400,26.553070
2013-07-24,28.100000,28.200001,26.389999,26.950001,43653900,26.299349
2013-07-23,27.389999,28.350000,27.080000,28.350000,39798800,27.665548
2013-07-22,26.950001,27.760000,26.790001,27.440001,43719300,26.777519
2013-07-19,25.129999,25.889999,24.980000,25.860001,27363400,25.235664
2013-07-18,25.139999,25.270000,24.700001,24.780001,16323800,24.181740
2013-07-17,25.760000,25.990000,24.860001,24.879999,37268500,24.279324
2013-07-16,24.510000,25.670000,24.510000,25.650000,35463700,25.030733
2013-07-15,24.370001,24.580000,24.150000,24.290001,12949200,23.703569
2013-07-12,24.549999,24.719999,24.059999,24.370001,23268700,23.781637
2013-07-11,24.520000,24.980000,24.219999,24.969999,38637300,24.367151
2013-07-10,23.330000,23.629999,22.920000,23.190001,22679700,22.630127
2013-07-09,23.299999,23.660000,23.030001,23.219999,20635900,22.659401
2013-07-08,23.639999,23.709999,22.900000,22.900000,21770700,22.347128
2013-07-05,23.370001,23.430000,22.790001,23.420000,43649000,22.854572
2013-07-03,24.020000,24.330000,23.760000,24.180000,21909200,23.596224
2013-07-02,24.740000,24.780001,23.459999,23.750000,34482700,23.176605
2013-07-01,24.900000,25.200001,24.309999,24.889999,32205000,24.289082
2013-06-28,22.500000,24.660000,22.459999,24.490000,75335700,23.898741
2013-06-27,22.540001,23.040001,22.400000,22.790001,49234300,22.239784
2013-06-26,22.770000,22.889999,22.209999,22.219999,46923300,21.683544
2013-06-25,23.820000,24.049999,23.379999,23.660000,23530200,23.088778
2013-06-24,24.320000,24.410000,23.520000,23.750000,36549500,23.176605
2013-06-21,24.870001,25.010000,23.950001,24.900000,32954800,24.298841
2013-06-20,25.139999,25.440001,24.160000,24.549999,67786300,23.957291
2013-06-19,27.490000,27.700001,26.420000,26.510000,21733700,25.869970
2013-06-18,27.980000,28.129999,27.280001,27.379999,19369600,26.718966
2013-06-17,28.120001,28.400000,27.950001,28.190001,8644600,27.509413
2013-06-14,28.790001,28.820000,28.070000,28.120001,12271700,27.441101
2013-06-13,28.139999,28.660000,27.950001,28.629999,17264300,27.938787
2013-06-12,28.170000,28.850000,28.070000,28.350000,17782700,27.665548
2013-06-11,28.410000,28.709999,28.059999,28.129999,21145700,27.450859
2013-06-10,29.020000,29.410000,28.680000,29.090000,14144800,28.387684
2013-06-07,29.510000,29.639999,28.750000,28.990000,21212000,28.290096
2013-06-06,29.930000,30.490000,29.700001,30.299999,17932900,29.568468
2013-06-05,29.879999,30.360001,29.530001,29.930000,16816400,29.207403
2013-06-04,29.870001,29.969999,29.400000,29.840000,18458000,29.119576
2013-06-03,29.799999,30.580000,29.660000,30.360001,22263600,29.627022
2013-05-31,29.610001,29.850000,29.129999,29.500000,20244000,28.787785
2013-05-30,29.150000,30.100000,29.049999,30.059999,39676500,29.334263
2013-05-29,27.450001,28.500000,27.360001,28.500000,28924800,27.811928
2013-05-28,27.440001,28.030001,27.020000,27.219999,21388200,26.562828
2013-05-24,27.750000,28.190001,27.309999,27.500000,19892600,26.836069
2013-05-23,28.240000,28.280001,27.690001,27.870001,15396700,27.197138
2013-05-22,27.770000,28.660000,27.270000,27.670000,38650700,27.001965
2013-05-21,27.240000,27.770000,26.860001,27.320000,24521400,26.660416
2013-05-20,26.320000,28.180000,26.240000,28.020000,39215400,27.343515
2013-05-17,27.139999,27.190001,26.360001,26.379999,23628300,25.743109
2013-05-16,27.020000,27.910000,26.680000,27.480000,21859900,26.816551
2013-05-15,28.219999,28.440001,27.350000,27.400000,31353000,26.738483
2013-05-14,28.870001,29.459999,28.620001,28.709999,14384500,28.016855
2013-05-13,29.350000,29.500000,29.030001,29.030001,11824200,28.329132
2013-05-10,29.139999,29.830000,28.820000,29.809999,20007800,29.090300
2013-05-09,29.799999,30.959999,29.740000,29.850000,22262200,29.129333
2013-05-08,29.250000,30.500000,29.180000,30.440001,33362600,29.705090
2013-05-07,29.110001,29.240000,28.620001,28.850000,21191600,28.153477
2013-05-06,29.750000,29.820000,29.549999,29.730000,7885300,29.012232
2013-05-03,29.610001,30.280001,29.459999,29.690001,14874300,28.973198
2013-05-02,29.879999,29.959999,29.370001,29.629999,12825400,28.914644
2013-05-01,29.459999,30.090000,29.120001,29.650000,27633100,28.934162
2013-04-30,29.680000,30.360001,28.990000,30.360001,19689400,29.627022
2013-04-29,29.980000,30.240000,29.690001,29.910000,14765000,29.187885
2013-04-26,30.590000,30.770000,29.209999,29.459999,27488000,28.748749
2013-04-25,30.820000,31.270000,30.360001,30.580000,30995200,29.841709
2013-04-24,28.900000,30.430000,28.870001,30.230000,34054000,29.500158
2013-04-23,28.580000,28.680000,28.000000,28.320000,16850200,27.636272
2013-04-22,29.200001,29.350000,28.500000,28.969999,18280600,28.270578
2013-04-19,28.690001,28.959999,27.870001,28.590000,22404900,27.899754
2013-04-18,27.650000,28.559999,27.469999,28.219999,31983200,27.538687
2013-04-17,28.840000,29.200001,27.270000,27.379999,47828900,26.718966
2013-04-16,30.180000,30.280001,28.629999,28.820000,38723200,28.124201
2013-04-15,30.240000,30.250000,28.990000,29.020000,74239200,28.319372
2013-04-12,33.389999,33.450001,32.110001,32.220001,40555900,31.442116
2013-04-11,34.619999,34.980000,34.180000,34.180000,15927900,33.354794
2013-04-10,35.549999,35.779999,34.619999,34.650002,26201600,33.813450
2013-04-09,34.840000,36.290001,34.669998,36.029999,20471900,35.160130
2013-04-08,35.090000,35.299999,34.509998,34.650002,18689700,33.813450
2013-04-05,35.650002,35.990002,34.830002,35.060001,21249100,34.213551
2013-04-04,34.090000,35.419998,33.709999,35.220001,29846900,34.369686
2013-04-03,35.759998,36.180000,34.020000,34.250000,42315900,33.423103
2013-04-02,36.970001,36.990002,35.799999,35.880001,22194000,35.013752
2013-04-01,37.840000,37.880001,37.200001,37.450001,12218000,36.545849
2013-03-28,37.770000,37.930000,37.549999,37.849998,7672800,36.936188
2013-03-27,37.200001,38.080002,37.119999,38.000000,16701600,37.082569
2013-03-26,37.509998,37.669998,37.029999,37.380001,19264000,36.477539
2013-03-25,37.950001,38.130001,37.389999,37.669998,14494300,36.760532
2013-03-22,38.130001,38.549999,37.990002,38.160000,10310300,37.238705
2013-03-21,37.730000,38.580002,37.650002,38.430000,17376100,37.502190
2013-03-20,37.549999,37.709999,37.310001,37.450001,8447200,36.545849
2013-03-19,37.450001,37.849998,37.240002,37.580002,12018400,36.672710
2013-03-18,37.830002,38.090000,37.360001,37.480000,9937400,36.575123
2013-03-15,37.259998,37.570000,37.099998,37.340000,12569800,36.438503
2013-03-14,36.689999,37.459999,36.570000,37.250000,12373800,36.350677
2013-03-13,37.939999,38.029999,36.730000,36.869999,18937900,35.979851
2013-03-12,37.570000,38.200001,37.439999,37.880001,21810500,36.965466
2013-03-11,37.220001,37.330002,36.779999,36.959999,11375600,36.067677
2013-03-08,36.570000,37.580002,36.310001,37.110001,23003100,36.214058
2013-03-07,37.529999,38.060001,36.869999,36.910000,22037400,36.018887
2013-03-06,35.889999,37.450001,35.570000,37.439999,33784100,36.536087
2013-03-05,36.389999,36.650002,35.900002,35.930000,17759700,35.062546
2013-03-04,37.040001,37.119999,35.889999,35.910000,24525200,35.043030
2013-03-01,37.540001,37.779999,37.020000,37.110001,13137000,36.214058
2013-02-28,38.090000,38.099998,37.220001,37.400002,15832200,36.497055
2013-02-27,38.669998,38.720001,38.139999,38.259998,14560700,37.336288
2013-02-26,38.759998,39.290001,38.139999,39.049999,19392300,38.107220
2013-02-25,38.480000,39.000000,38.290001,38.570000,17100500,37.638805
2013-02-22,38.220001,38.459999,37.720001,37.930000,11323300,37.014259
2013-02-21,37.610001,38.709999,37.490002,38.119999,23221700,37.199673
2013-02-20,38.709999,38.880001,37.389999,37.450001,37094600,36.545849
2013-02-19,39.770000,39.770000,39.160000,39.369999,15353800,38.419491
2013-02-15,40.830002,40.830002,39.830002,39.889999,22895700,38.926937
2013-02-14,41.389999,42.009998,41.349998,41.360001,9956400,40.361450
2013-02-13,41.799999,42.080002,41.160000,41.200001,14594300,40.205311
2013-02-12,41.419998,41.990002,41.139999,41.919998,11065200,40.907928
2013-02-11,41.939999,41.970001,41.360001,41.470001,11962600,40.468796
2013-02-08,42.570000,42.770000,42.310001,42.320000,5593600,41.298271
2013-02-07,42.110001,42.939999,42.000000,42.599998,9787300,41.571510
2013-02-06,42.220001,42.619999,42.169998,42.540001,8173500,41.512962
2013-02-05,42.590000,42.669998,42.060001,42.259998,7646100,41.239719
2013-02-04,42.029999,42.880001,41.990002,42.340000,9921100,41.317787
2013-02-01,42.270000,42.389999,41.549999,42.220001,17063300,41.200687
2013-01-31,41.869999,41.930000,41.400002,41.619999,12440500,40.615170
2013-01-30,42.930000,43.139999,41.900002,41.959999,19525600,40.946960
2013-01-29,42.119999,42.419998,41.840000,42.250000,16484400,41.229961
2013-01-28,41.959999,42.080002,41.389999,41.480000,18548900,40.478550
2013-01-25,42.950001,43.060001,41.900002,41.919998,35696400,40.907928
2013-01-24,44.220001,44.419998,43.099998,43.230000,25261700,42.186302
2013-01-23,45.619999,45.720001,44.540001,44.560001,16697100,43.484192
2013-01-22,45.029999,45.919998,44.880001,45.820000,12118800,44.713772
2013-01-18,45.250000,45.250000,44.900002,45.110001,8141400,44.020912
2013-01-17,44.950001,45.450001,44.540001,45.000000,12326900,43.913570
2013-01-16,45.290001,45.419998,45.099998,45.209999,8441200,44.118500
2013-01-15,45.520000,45.959999,45.040001,45.590000,9774200,44.489323
2013-01-14,45.680000,45.759998,45.189999,45.230000,8074700,44.138016
2013-01-11,45.340000,45.490002,44.889999,45.400002,12013900,44.303913
2013-01-10,44.860001,45.590000,44.849998,45.410000,16542800,44.313671
2013-01-09,44.619999,44.720001,44.130001,44.360001,7690400,43.289021
2013-01-08,44.520000,44.700001,43.990002,44.650002,11815600,43.572021
2013-01-07,44.849998,45.049999,44.439999,44.480000,15483900,43.406120
2013-01-04,44.790001,45.330002,44.500000,45.330002,16822300,44.235603
2013-01-03,46.740002,47.060001,45.070000,45.139999,22829200,44.050186
2013-01-02,47.230000,47.529999,46.910000,47.099998,13210600,45.962868
2012-12-31,45.000000,46.590000,44.950001,46.389999,16214700,45.270008
2012-12-28,45.290001,45.689999,44.880001,44.930000,10707600,43.845261
2012-12-27,44.759998,45.900002,44.689999,45.439999,17914700,44.342945
2012-12-26,45.029999,45.240002,44.680000,45.150002,7026700,44.059948
2012-12-24,44.860001,44.900002,44.180000,44.849998,5888200,43.767189
2012-12-21,44.669998,45.549999,44.660000,45.180000,11377700,43.638378
2012-12-20,44.849998,45.200001,44.160000,45.070000,14517200,43.532131
2012-12-19,45.529999,45.799999,45.279999,45.360001,10954600,43.812237
2012-12-18,46.520000,46.610001,45.389999,45.750000,14998700,44.188927
2012-12-17,46.320000,46.700001,46.060001,46.509998,9087200,44.922993
2012-12-14,46.150002,46.750000,45.959999,46.480000,12424800,44.894016
2012-12-13,46.560001,46.889999,45.970001,46.340000,15955300,44.758797
2012-12-12,46.720001,47.959999,46.610001,47.630001,23020300,46.004780
2012-12-11,46.380001,46.720001,46.230000,46.279999,7457600,44.700840
2012-12-10,46.299999,46.669998,46.099998,46.520000,9836300,44.932655
2012-12-07,45.959999,46.200001,45.660000,45.930000,10047800,44.362785
2012-12-06,45.330002,46.139999,45.250000,45.549999,13228400,43.995750
2012-12-05,46.680000,46.700001,45.220001,45.349998,16368500,43.802574
2012-12-04,45.880001,46.980000,45.730000,46.650002,11930500,45.058220
2012-12-03,47.520000,47.660000,46.430000,46.480000,14753700,44.894016
2012-11-30,47.759998,48.279999,47.060001,47.549999,11111000,45.927505
2012-11-29,48.130001,48.470001,47.560001,48.040001,9941800,46.400787
2012-11-28,46.580002,47.919998,46.250000,47.900002,14299200,46.265568
2012-11-27,48.270000,48.480000,47.459999,47.459999,18502000,45.840576
2012-11-26,48.500000,48.750000,47.860001,48.750000,12536000,47.086563
2012-11-23,48.349998,49.000000,47.880001,48.740002,12737700,47.076904
2012-11-21,47.340000,48.139999,47.000000,48.080002,8856600,46.439426
2012-11-20,47.540001,47.730000,47.080002,47.360001,10107900,45.743992
2012-11-19,47.560001,47.849998,47.209999,47.770000,15537800,46.140003
2012-11-16,45.900002,46.770000,45.349998,46.470001,22350700,44.884361
2012-11-15,47.150002,47.189999,45.500000,45.970001,29679400,44.401421
2012-11-14,49.419998,49.450001,47.160000,47.220001,25574300,45.608768
2012-11-13,49.459999,50.130001,49.250000,49.480000,10448100,47.791653
2012-11-12,50.700001,50.939999,49.980000,50.040001,7668700,48.332546
2012-11-09,51.470001,51.619999,50.660000,50.669998,10771000,48.941048
2012-11-08,50.770000,51.820000,50.200001,51.410000,15624700,49.655800
2012-11-07,50.709999,51.119999,49.639999,51.070000,15286700,49.327400
2012-11-06,50.020000,50.490002,49.389999,50.340000,18612700,48.622307
2012-11-05,50.040001,50.250000,49.389999,49.389999,10855400,47.704723
2012-11-02,51.320000,51.400002,49.740002,49.759998,20450400,48.062096
2012-11-01,52.459999,52.540001,52.000000,52.009998,10229600,50.235325
2012-10-31,51.880001,52.970001,51.860001,52.900002,17965000,51.094959
2012-10-26,51.709999,51.880001,51.000000,51.240002,8553500,49.491600
2012-10-25,51.290001,51.730000,51.020000,51.590000,17175500,49.829655
2012-10-24,51.349998,51.500000,49.980000,50.060001,15897400,48.351864
2012-10-23,51.230000,51.480000,50.919998,50.959999,14897400,49.221153
2012-10-22,51.619999,52.480000,51.560001,52.430000,10197500,50.640995
2012-10-19,51.349998,52.000000,50.759998,51.730000,19920000,49.964878
2012-10-18,52.560001,52.730000,51.520000,51.520000,14783900,49.762047
2012-10-17,52.759998,53.400002,52.220001,53.110001,10937100,51.297791
2012-10-16,51.959999,52.669998,51.959999,52.669998,11357500,50.872803
2012-10-15,51.270000,51.680000,50.810001,51.639999,10377700,49.877949
2012-10-12,52.590000,52.720001,51.540001,51.660000,10958100,49.897266
2012-10-11,52.820000,53.130001,52.459999,52.490002,7463700,50.698948
2012-10-10,51.970001,53.000000,51.779999,52.480000,11006200,50.689285
2012-10-09,53.430000,53.660000,52.049999,52.080002,13256500,50.302937
2012-10-08,53.169998,53.540001,52.889999,53.230000,7563400,51.413696
2012-10-05,53.990002,54.639999,53.419998,53.650002,12997100,51.819366
2012-10-04,53.490002,54.250000,53.290001,54.250000,14103200,52.398891
2012-10-03,53.680000,53.680000,52.619999,52.720001,11934900,50.921101
2012-10-02,54.040001,54.200001,53.250000,53.590000,10223300,51.761414
2012-10-01,54.209999,54.610001,53.700001,53.930000,10912600,52.089809
2012-09-28,53.689999,54.119999,53.209999,53.689999,10909100,51.857998
2012-09-27,53.090000,53.990002,52.599998,53.889999,17141300,52.051174
2012-09-26,51.549999,52.779999,50.900002,52.400002,18635900,50.612019
2012-09-25,53.709999,53.959999,52.160000,52.169998,17410200,50.389862
2012-09-24,54.060001,54.230000,52.930000,52.959999,16072900,51.152908
2012-09-21,55.110001,55.250000,54.310001,54.810001,13869600,52.939785
2012-09-20,54.130001,54.410000,53.669998,54.360001,11582300,52.505138
2012-09-19,54.509998,54.950001,53.900002,54.790001,15389300,52.920467
2012-09-18,53.790001,54.320000,53.369999,54.320000,16323500,52.466503
2012-09-17,54.020000,54.200001,53.130001,53.889999,12992700,52.051174
2012-09-14,53.029999,54.080002,53.000000,53.860001,27035600,52.022202
2012-09-13,49.889999,52.529999,49.240002,52.520000,32409600,50.727924
2012-09-12,50.189999,50.240002,48.709999,50.009998,18235400,48.303566
2012-09-11,49.930000,50.349998,49.580002,49.810001,9796700,48.110394
2012-09-10,50.299999,50.419998,49.400002,49.480000,11893500,47.791653
2012-09-07,50.259998,50.730000,50.080002,50.459999,18402500,48.738213
2012-09-06,48.459999,49.160000,48.200001,49.130001,15134600,47.453594
2012-09-05,47.730000,47.980000,47.290001,47.930000,6741300,46.294540
2012-09-04,48.070000,48.139999,47.320000,47.770000,10668700,46.140003
2012-08-31,46.430000,48.060001,45.959999,47.939999,26221700,46.304199
2012-08-30,46.419998,46.590000,45.849998,46.020000,8065700,44.449715
2012-08-29,46.959999,47.009998,46.259998,46.389999,8076100,44.807091
2012-08-28,47.070000,47.389999,46.799999,46.849998,7093000,45.251392
2012-08-27,47.590000,47.669998,46.790001,46.900002,8282900,45.299690
2012-08-24,47.340000,47.779999,47.060001,47.570000,7617800,45.946823
2012-08-23,47.959999,48.150002,47.349998,47.419998,14891700,45.801941
2012-08-22,46.450001,47.500000,45.950001,47.500000,15922200,45.879215
2012-08-21,46.360001,47.230000,46.080002,46.380001,16393800,44.797432
2012-08-20,45.320000,45.770000,44.849998,45.619999,6397600,44.063362
2012-08-17,45.750000,45.900002,45.060001,45.340000,7456000,43.792915
2012-08-16,44.389999,45.669998,44.259998,45.650002,14382600,44.092342
2012-08-15,44.009998,44.189999,43.700001,44.150002,4683000,42.643524
2012-08-14,44.070000,44.540001,43.860001,43.930000,6268600,42.431030
2012-08-13,45.000000,45.340000,44.070000,44.240002,8020400,42.730453
2012-08-10,44.480000,44.900002,44.349998,44.849998,5845300,43.319633
2012-08-09,44.000000,44.730000,43.730000,44.560001,8443400,43.039532
2012-08-08,44.070000,44.889999,43.919998,43.990002,10652200,42.488983
2012-08-07,44.040001,44.250000,43.770000,44.230000,8880400,42.720791
2012-08-06,42.930000,44.160000,42.840000,43.730000,12916100,42.237854
2012-08-03,42.549999,43.009998,42.330002,42.860001,14580100,41.397541
2012-08-02,41.990002,42.889999,41.650002,42.040001,11901900,40.605518
2012-08-01,42.590000,43.049999,41.090000,42.250000,30714900,40.808353
2012-07-31,43.740002,43.980000,42.779999,42.830002,9413800,41.368565
2012-07-30,43.009998,43.770000,42.910000,43.720001,7071700,42.228195
2012-07-27,43.029999,43.290001,42.400002,43.130001,12202100,41.658325
2012-07-26,42.080002,42.959999,41.810001,42.830002,13397600,41.368565
2012-07-25,41.549999,42.630001,41.150002,41.959999,14456000,40.528248
2012-07-24,41.049999,41.169998,40.400002,40.720001,8483400,39.330563
2012-07-23,40.990002,41.060001,40.509998,40.700001,10124000,39.311241
2012-07-20,41.349998,41.869999,41.310001,41.720001,8173800,40.296440
2012-07-19,41.549999,41.880001,41.360001,41.590000,7725100,40.170876
2012-07-18,41.290001,41.580002,41.000000,41.119999,8492600,39.716911
2012-07-17,42.110001,42.189999,41.000000,41.700001,12185200,40.277122
2012-07-16,42.369999,42.430000,41.900002,42.160000,7989500,40.721424
2012-07-13,42.060001,42.509998,41.750000,42.310001,13690600,40.866306
2012-07-12,41.200001,42.060001,40.459999,41.709999,24067000,40.286777
2012-07-11,42.540001,42.549999,41.490002,41.970001,16633700,40.537910
2012-07-10,44.669998,44.840000,42.650002,42.869999,14906800,41.407196
2012-07-09,44.310001,44.509998,43.799999,44.250000,8547200,42.740108
2012-07-06,45.009998,45.410000,44.250000,44.430000,12260200,42.913967
2012-07-05,46.000000,46.419998,45.680000,45.770000,8584600,44.208244
2012-07-03,45.480000,46.570000,45.459999,46.450001,11298800,44.865044
2012-07-02,44.450001,45.040001,44.380001,44.759998,6302200,43.232704
2012-06-29,44.990002,45.080002,44.139999,44.770000,12481800,43.242367
2012-06-28,43.720001,44.000000,42.599998,43.310001,15493700,41.832188
2012-06-27,44.700001,44.799999,43.680000,44.279999,9853800,42.769085
2012-06-26,44.759998,45.230000,43.900002,44.450001,10339500,42.933285
2012-06-25,44.119999,45.450001,43.869999,45.160000,11187900,43.619061
2012-06-22,44.740002,45.349998,44.029999,44.580002,13971400,43.058849
2012-06-21,46.270000,46.380001,44.799999,44.820000,17763000,43.290661
2012-06-20,47.099998,48.349998,46.500000,47.270000,21410300,45.657063
2012-06-19,47.779999,47.889999,47.220001,47.680000,10395000,46.053074
2012-06-18,46.330002,47.919998,46.150002,47.730000,13099100,46.101364
2012-06-15,47.090000,47.119999,46.560001,46.919998,12873200,45.319004
2012-06-14,47.139999,47.169998,46.200001,46.930000,15090600,45.328663
2012-06-13,47.130001,47.480000,46.619999,46.790001,13250500,45.193439
2012-06-12,46.119999,46.939999,46.009998,46.759998,13719300,45.164463
2012-06-11,46.660000,46.709999,45.529999,45.660000,13785700,44.101997
2012-06-08,45.360001,46.639999,45.070000,46.330002,14443000,44.749138
2012-06-07,47.700001,47.750000,45.430000,45.990002,28584100,44.420738
2012-06-06,48.380001,48.720001,46.910000,47.619999,24414600,45.995117
2012-06-05,47.099998,47.599998,46.849998,47.529999,14154900,45.908188
2012-06-04,46.919998,47.349998,45.860001,47.330002,20460800,45.715015
2012-06-01,44.830002,46.869999,44.779999,46.580002,35430300,44.990608
2012-05-31,44.320000,44.849998,43.139999,43.779999,15763700,42.286144
2012-05-30,43.430000,44.830002,42.720001,44.240002,20220700,42.730453
2012-05-29,45.419998,45.480000,43.680000,44.090000,16699100,42.585567
2012-05-25,44.740002,45.150002,44.389999,44.910000,12572600,43.377590
2012-05-24,44.750000,45.279999,43.700001,44.630001,21742500,43.107143
2012-05-23,42.119999,44.439999,41.299999,44.439999,31400000,42.923626
2012-05-22,42.959999,43.759998,42.200001,42.540001,20767800,41.088459
2012-05-21,41.639999,43.119999,41.630001,43.009998,13536300,41.542419
2012-05-18,42.189999,42.810001,41.439999,41.619999,21909600,40.199848
2012-05-17,40.180000,41.970001,40.119999,41.340000,30740700,39.929405
2012-05-16,39.450001,40.660000,39.080002,39.560001,28720000,38.210140
2012-05-15,40.970001,41.340000,39.250000,39.340000,24527000,37.997646
2012-05-14,41.570000,42.259998,40.950001,40.970001,21789800,39.572029
2012-05-11,42.580002,43.299999,42.330002,42.419998,12632900,40.972549
2012-05-10,43.549999,43.889999,42.680000,43.090000,18881400,41.619690
2012-05-09,41.389999,43.630001,41.099998,43.020000,28890800,41.552078
2012-05-08,42.740002,42.849998,41.730000,42.169998,23654800,40.731079
2012-05-07,44.090000,44.389999,43.090000,43.669998,13775000,42.179897
2012-05-04,43.820000,44.740002,43.790001,44.049999,14631400,42.546932
2012-05-03,45.040001,45.150002,43.400002,43.880001,19120600,42.382736
2012-05-02,46.070000,46.099998,45.299999,45.660000,10172800,44.101997
2012-05-01,46.410000,46.900002,46.119999,46.439999,8883700,44.855381
2012-04-30,46.369999,46.570000,45.709999,46.389999,9197900,44.807091
2012-04-27,46.860001,47.110001,46.509998,46.799999,9498400,45.203098
2012-04-26,46.320000,46.450001,45.869999,46.250000,12882600,44.671867
2012-04-25,45.470001,46.389999,45.099998,46.290001,21177600,44.710503
2012-04-24,45.349998,45.470001,44.790001,45.139999,10375100,43.599743
2012-04-23,45.410000,45.450001,44.180000,45.040001,19325900,43.503155
2012-04-20,46.730000,47.060001,46.099998,46.119999,10535400,44.546303
2012-04-19,46.950001,47.270000,46.439999,46.610001,10358700,45.019585
2012-04-18,46.650002,47.259998,46.400002,46.630001,10432800,45.038902
2012-04-17,46.820000,47.709999,46.480000,47.110001,10549000,45.502522
2012-04-16,47.340000,47.740002,46.389999,46.639999,12576000,45.048557
2012-04-13,47.919998,48.060001,47.250000,47.500000,12925100,45.879215
2012-04-12,46.459999,48.330002,46.450001,48.150002,14841700,46.507034
2012-04-11,47.160000,47.230000,46.360001,46.490002,10167900,44.903679
2012-04-10,46.439999,47.189999,45.980000,47.040001,18461300,45.434910
2012-04-09,46.590000,47.130001,46.389999,46.480000,9302200,44.894016
2012-04-05,46.950001,47.080002,46.000000,46.200001,11559200,44.623573
2012-04-04,47.730000,47.770000,46.009998,46.709999,27237700,45.116169
2012-04-03,50.470001,50.470001,48.349998,48.750000,17390400,47.086563
2012-04-02,49.540001,50.759998,49.419998,50.389999,13114500,48.670601
2012-03-30,49.619999,49.630001,48.810001,49.540001,9890400,47.849606
2012-03-29,48.759998,49.090000,48.049999,49.060001,12259600,47.385986
2012-03-28,49.650002,49.750000,48.630001,48.930000,14557900,47.260422
2012-03-27,50.840000,50.860001,49.799999,49.910000,10166200,48.206982
2012-03-26,50.810001,50.950001,50.200001,50.630001,12638700,48.902412
2012-03-23,49.080002,50.060001,48.830002,49.759998,14594200,48.062096
2012-03-22,48.759998,49.130001,48.450001,48.750000,11460500,47.086563
2012-03-21,50.270000,50.500000,49.720001,49.759998,14024800,48.062096
2012-03-20,48.990002,49.990002,48.419998,49.860001,15287200,48.158688
2012-03-19,50.070000,50.520000,49.590000,49.599998,11432600,47.907558
2012-03-16,49.950001,50.310001,49.799999,49.930000,11395500,48.226299
2012-03-15,50.230000,50.939999,49.919998,50.139999,11196700,48.429131
2012-03-14,51.349998,51.349998,49.680000,50.119999,24309200,48.409813
2012-03-13,52.209999,52.860001,51.790001,52.110001,13602500,50.331913
2012-03-12,52.950001,53.240002,52.220001,52.369999,8761400,50.583038
2012-03-09,52.950001,53.939999,52.639999,53.240002,8384800,51.423355
2012-03-08,53.230000,53.709999,52.470001,53.320000,9950500,51.500626
2012-03-07,52.580002,52.919998,51.930000,52.669998,11751800,50.872803
2012-03-06,52.549999,52.580002,51.639999,52.470001,20943600,50.679630
2012-03-05,54.340000,54.439999,53.220001,53.619999,13539600,51.790386
2012-03-02,55.389999,55.529999,54.509998,54.790001,12757700,52.920467
2012-03-01,55.540001,56.380001,55.209999,55.889999,15032900,53.982929
2012-02-29,57.509998,57.910000,54.869999,55.400002,34053800,53.509651
2012-02-28,56.549999,57.439999,56.200001,57.330002,15019900,55.373798
2012-02-27,56.270000,56.639999,55.730000,56.060001,8395400,54.147133
2012-02-24,57.150002,57.290001,56.180000,56.459999,9122200,54.533482
2012-02-23,57.040001,57.709999,56.770000,57.259998,14465100,55.306183
2012-02-22,55.580002,57.000000,55.310001,56.830002,13146400,54.890858
2012-02-21,55.009998,55.849998,54.700001,55.820000,11722700,53.915321
2012-02-17,55.299999,55.349998,54.040001,54.150002,9653200,52.302303
2012-02-16,52.939999,55.150002,52.689999,54.950001,15885900,53.075008
2012-02-15,54.430000,54.459999,53.520000,53.560001,10014200,51.732437
2012-02-14,54.299999,54.549999,53.189999,53.770000,10699100,51.935272
2012-02-13,54.759998,54.919998,54.130001,54.299999,6050800,52.447186
2012-02-10,54.540001,54.840000,54.080002,54.490002,9900900,52.630703
2012-02-09,56.200001,56.430000,55.250000,55.250000,8596700,53.364769
2012-02-08,56.139999,56.529999,55.369999,55.540001,8798100,53.644875
2012-02-07,56.090000,56.650002,55.290001,55.880001,13118400,53.973274
2012-02-06,56.020000,56.799999,55.860001,56.180000,9668400,54.263039
2012-02-03,56.770000,56.939999,55.950001,56.439999,16557400,54.514164
2012-02-02,57.090000,57.939999,56.689999,57.470001,10696000,55.509022
2012-02-01,57.040001,57.150002,56.369999,56.560001,8178400,54.630074
2012-01-31,57.520000,57.709999,55.750000,56.459999,14442300,54.533482
2012-01-30,56.400002,56.910000,55.799999,56.459999,8660600,54.533482
2012-01-27,55.799999,57.369999,55.720001,57.139999,14823200,55.190277
2012-01-26,56.060001,56.779999,55.509998,55.759998,20174200,53.857365
2012-01-25,51.580002,55.410000,51.270000,55.230000,26995600,53.345451
2012-01-24,52.509998,52.580002,51.709999,51.820000,12761700,50.051807
2012-01-23,52.419998,53.270000,52.419998,53.009998,12818900,51.201202
2012-01-20,52.070000,52.779999,51.750000,52.180000,8845400,50.399525
2012-01-19,53.169998,53.419998,51.580002,52.150002,12918900,50.370548
2012-01-18,53.070000,53.580002,52.950001,53.240002,7007800,51.423355
2012-01-17,54.540001,54.540001,52.860001,53.180000,8412800,51.365402
2012-01-13,54.040001,54.169998,53.230000,54.049999,7322500,52.205715
2012-01-12,54.840000,55.450001,54.310001,54.720001,8358700,52.852856
2012-01-11,54.459999,54.509998,53.669998,54.310001,6838500,52.456844
2012-01-10,54.799999,55.070000,54.389999,54.470001,6615000,52.611385
2012-01-09,53.549999,53.950001,53.180000,53.650002,5513900,51.819366
2012-01-06,54.130001,54.290001,53.220001,53.349998,7757700,51.529598
2012-01-05,53.259998,54.270000,52.759998,53.900002,7415800,52.060837
2012-01-04,53.610001,54.540001,53.340000,53.740002,8184000,51.906296
2012-01-03,52.790001,54.020000,52.759998,53.799999,13011400,51.964245
2011-12-30,51.619999,52.080002,51.090000,51.430000,10001400,49.675117
2011-12-29,49.520000,51.200001,49.220001,51.200001,12196600,49.452965
2011-12-28,51.770000,51.869999,50.009998,50.060001,14170400,48.351864
2011-12-27,52.369999,52.520000,51.680000,51.869999,4786400,50.100101
2011-12-23,52.590000,52.790001,52.349998,52.790001,4729000,50.988708
2011-12-22,52.560001,52.619999,51.770000,52.400002,13179600,50.467136
2011-12-21,53.150002,53.430000,52.419998,52.959999,8724300,51.006477
2011-12-20,52.380001,53.250000,52.369999,52.990002,11644900,51.035374
2011-12-19,52.490002,52.549999,51.029999,51.169998,15120200,49.282501
2011-12-16,52.500000,53.180000,52.040001,52.680000,16285400,50.736805
2011-12-15,53.009998,53.139999,51.570000,51.680000,20605600,49.773693
2011-12-14,52.919998,53.220001,51.529999,52.380001,30181400,50.447872
2011-12-13,55.959999,56.669998,53.720001,54.040001,17873300,52.046642
2011-12-12,56.310001,56.330002,55.200001,55.799999,13465800,53.741718
2011-12-09,57.430000,58.060001,57.080002,57.830002,8459300,55.696842
2011-12-08,58.119999,58.250000,56.970001,57.259998,15134300,55.147861
2011-12-07,59.070000,59.290001,58.270000,58.959999,11633100,56.785156
2011-12-06,57.490002,59.470001,57.099998,59.020000,13805500,56.842945
2011-12-05,58.220001,59.480000,57.509998,57.860001,10462500,55.725735
2011-12-02,60.720001,60.869999,58.070000,58.250000,15115100,56.101349
2011-12-01,60.320000,61.009998,59.599998,60.299999,11337300,58.075729
2011-11-30,58.700001,60.500000,58.560001,60.410000,17914300,58.181671
2011-11-29,56.220001,57.110001,56.029999,56.459999,7563000,54.377373
2011-11-28,56.470001,56.930000,55.799999,56.200001,9859400,54.126965
2011-11-25,54.970001,55.840000,54.770000,54.790001,5170700,52.768974
2011-11-23,56.290001,56.490002,55.110001,55.490002,15222200,53.443157
2011-11-22,56.700001,57.619999,56.240002,57.040001,12750700,54.935982
2011-11-21,56.130001,56.209999,54.919998,56.200001,14780200,54.126965
2011-11-18,58.110001,58.549999,56.770000,57.060001,12504500,54.955242
2011-11-17,59.630001,59.849998,57.630001,57.869999,18674200,55.735363
2011-11-16,60.549999,61.549999,60.209999,60.310001,7930400,58.085361
2011-11-15,61.099998,61.639999,60.419998,61.330002,7028900,59.067738
2011-11-14,62.049999,62.389999,60.830002,61.169998,7790100,58.913635
2011-11-11,60.740002,62.570000,60.740002,62.310001,7928100,60.011589
2011-11-10,61.000000,61.209999,59.270000,60.169998,14523500,57.950523
2011-11-09,61.779999,63.049999,60.669998,60.689999,15054500,58.451344
2011-11-08,63.049999,63.700001,62.500000,62.500000,11886800,60.194576
2011-11-07,61.860001,63.320000,61.849998,63.299999,11832200,60.965069
2011-11-04,61.110001,61.470001,59.930000,61.299999,7508000,59.038841
2011-11-03,61.110001,61.830002,59.990002,61.830002,11762100,59.549294
2011-11-02,59.500000,60.750000,58.950001,59.959999,11390400,57.748268
2011-11-01,56.630001,59.369999,56.029999,58.509998,14572300,56.351753
2011-10-31,59.750000,59.770000,58.720001,58.830002,10746500,56.659954
2011-10-28,58.790001,60.810001,58.549999,60.480000,11921100,58.249088
2011-10-27,58.810001,59.639999,58.139999,59.110001,16160500,56.929626
2011-10-26,58.139999,58.639999,56.689999,57.970001,14249400,55.831676
2011-10-25,56.180000,58.220001,54.939999,57.450001,20170000,55.330856
2011-10-24,54.400002,56.220001,54.389999,56.029999,12321400,53.963234
2011-10-21,54.180000,54.560001,53.439999,53.980000,9628300,51.988853
2011-10-20,53.009998,53.770000,52.029999,53.130001,16157100,51.170208
2011-10-19,56.509998,56.529999,53.430000,53.549999,17339800,51.574715
2011-10-18,55.779999,57.160000,54.279999,56.970001,14667100,54.868565
2011-10-17,57.860001,57.980000,56.419998,56.590000,8866200,54.502579
2011-10-14,56.880001,58.000000,56.730000,57.959999,8425200,55.822044
2011-10-13,56.860001,57.000000,55.650002,56.279999,11561200,54.204014
2011-10-12,57.540001,57.849998,56.849998,57.389999,11025600,55.273067
2011-10-11,56.299999,57.099998,55.730000,56.910000,11868600,54.810776
2011-10-10,56.290001,56.840000,55.680000,56.840000,11984300,54.743359
2011-10-07,56.650002,56.849998,54.230000,54.880001,14417500,52.855656
2011-10-06,54.990002,56.279999,54.130001,56.270000,17540800,54.194382
2011-10-05,52.610001,55.020000,52.180000,54.889999,20112000,52.865288
2011-10-04,53.750000,53.750000,50.419998,52.500000,29700000,50.563446
2011-10-03,56.230000,56.720001,54.410000,54.450001,16264400,52.441517
2011-09-30,54.410000,56.580002,54.250000,55.189999,15197400,53.154221
2011-09-29,55.540001,55.880001,54.090000,55.029999,17720900,53.000122
2011-09-28,57.270000,57.910000,54.490002,54.540001,16821800,52.528198
2011-09-27,59.459999,59.700001,56.759998,57.070000,26567200,54.964874
2011-09-26,55.759998,57.549999,54.980000,57.340000,23422700,55.224915
2011-09-23,57.520000,57.840000,54.939999,56.410000,30082300,54.329220
2011-09-22,61.070000,61.230000,58.650002,59.299999,27372500,57.112614
2011-09-21,65.449997,66.900002,64.279999,64.279999,16292300,61.908916
2011-09-20,63.549999,66.389999,63.209999,65.629997,15775600,63.209122
2011-09-19,64.070000,64.760002,63.220001,63.480000,12326100,61.138428
2011-09-16,63.009998,64.209999,62.860001,64.110001,12489200,61.745190
2011-09-15,62.650002,62.900002,61.349998,62.799999,14250700,60.483513
2011-09-14,64.269997,64.309998,63.000000,63.169998,11954300,60.839863
2011-09-13,63.990002,64.750000,62.880001,64.389999,10438400,62.014862
2011-09-12,64.750000,65.599998,62.340000,63.900002,18843400,61.542938
2011-09-09,65.989998,66.980003,65.309998,65.800003,14665800,63.372856
2011-09-08,66.639999,66.940002,66.000000,66.629997,16666600,64.172234
2011-09-07,63.750000,65.459999,63.099998,65.430000,15155100,63.016499
2011-09-06,65.269997,66.680000,64.379997,65.339996,23412000,62.929817
2011-09-02,64.330002,65.339996,64.239998,64.910004,18725800,62.515682
2011-09-01,62.889999,63.900002,62.320000,63.380001,12892500,61.042118
2011-08-31,63.020000,63.450001,61.910000,62.799999,11582100,60.483513
2011-08-30,62.700001,63.290001,62.080002,63.000000,11241500,60.676136
2011-08-29,62.730000,62.840000,61.139999,61.950001,12107900,59.664867
2011-08-26,61.169998,62.570000,59.580002,62.480000,12205600,60.175316
2011-08-25,59.020000,61.450001,58.570000,61.070000,15036200,58.817326
2011-08-24,60.930000,61.220001,58.790001,59.959999,18463200,57.748268
2011-08-23,62.529999,63.060001,60.639999,61.490002,22696900,59.221836
2011-08-22,62.130001,64.050003,61.849998,63.700001,21888700,61.350315
2011-08-19,60.639999,61.759998,60.459999,61.259998,15347500,59.000317
2011-08-18,61.040001,61.130001,59.290001,59.759998,11366200,57.555645
2011-08-17,60.340000,61.560001,60.279999,60.740002,8825900,58.499500
2011-08-16,60.869999,61.220001,60.000000,60.279999,11112800,58.056465
2011-08-15,59.070000,61.000000,58.599998,60.900002,11934000,58.653599
2011-08-12,59.209999,59.490002,58.230000,59.220001,13455500,57.035568
2011-08-11,58.959999,60.340000,57.790001,59.849998,20157100,57.642326
2011-08-10,57.730000,60.529999,56.720001,59.299999,23957300,57.112614
2011-08-09,56.380001,57.720001,54.900002,57.700001,23868200,55.571636
2011-08-08,56.189999,57.980000,55.270000,55.439999,26913200,53.394997
2011-08-05,56.200001,57.160000,53.779999,55.419998,17767700,53.375732
2011-08-04,59.709999,59.730000,54.919998,55.900002,24418000,53.838032
2011-08-03,59.150002,59.770000,58.910000,59.200001,12672400,57.016304
2011-08-02,58.080002,59.029999,57.630001,58.450001,13021100,56.293968
2011-08-01,56.990002,58.230000,56.750000,57.360001,10818000,55.244179
2011-07-29,57.930000,57.930000,56.759998,56.889999,13971800,54.791512
2011-07-28,58.130001,58.299999,57.150002,58.130001,12542600,55.985775
2011-07-27,60.599998,60.939999,58.349998,58.480000,14018900,56.322861
2011-07-26,60.240002,60.570000,59.840000,60.290001,6589300,58.066097
2011-07-25,61.430000,61.709999,60.130001,60.279999,9478200,58.056465
2011-07-22,60.450001,61.000000,60.150002,60.759998,6874300,58.518761
2011-07-21,60.590000,60.779999,59.740002,60.049999,10937800,57.834949
2011-07-20,59.310001,60.540001,59.040001,60.349998,8719100,58.123882
2011-07-19,60.869999,60.939999,59.340000,59.680000,12716600,57.478600
2011-07-18,60.389999,60.990002,60.240002,60.580002,13536900,58.345402
2011-07-15,59.099998,59.730000,58.930000,59.720001,8716600,57.517124
2011-07-14,60.000000,60.119999,58.720001,58.779999,16631100,56.611797
2011-07-13,58.290001,59.970001,58.160000,59.270000,20717500,57.083721
2011-07-12,55.580002,57.750000,55.520000,57.369999,16395200,55.253807
2011-07-11,56.470001,56.810001,55.310001,55.619999,13055100,53.568359
2011-07-08,56.639999,56.980000,55.980000,56.290001,8155800,54.213646
2011-07-07,56.549999,56.950001,56.250000,56.250000,10928500,54.175121
2011-07-06,55.840000,56.470001,55.660000,56.130001,9346200,54.059547
2011-07-05,54.930000,55.740002,54.549999,55.419998,11813200,53.375732
2011-07-01,54.209999,54.240002,53.020000,53.740002,10228300,51.757710
2011-06-30,54.660000,54.840000,54.049999,54.590000,9545400,52.576351
2011-06-29,53.820000,55.000000,53.490002,54.369999,11305800,52.364468
2011-06-28,52.830002,53.450001,52.310001,53.160000,8985900,51.199100
2011-06-27,52.230000,52.860001,51.799999,52.520000,8743900,50.582706
2011-06-24,53.900002,53.900002,52.430000,52.580002,9523200,50.640495
2011-06-23,53.259998,54.009998,52.529999,54.009998,17473700,52.017746
2011-06-22,54.080002,55.400002,54.029999,54.660000,13614500,52.643768
2011-06-21,52.630001,54.139999,52.560001,54.009998,11127400,52.017746
2011-06-20,51.959999,52.689999,51.950001,52.250000,8240800,50.322666
2011-06-17,51.799999,52.700001,51.580002,51.970001,12022000,50.052998
2011-06-16,52.900002,53.049999,51.099998,51.779999,14785800,49.870003
2011-06-15,53.009998,54.049999,52.520000,53.060001,11589200,51.102791
2011-06-14,52.720001,53.740002,52.720001,53.389999,7111100,51.420616
2011-06-13,53.150002,53.660000,52.160000,52.520000,9552300,50.582706
2011-06-10,53.750000,53.919998,52.900002,53.400002,10939500,51.430248
2011-06-09,53.599998,54.759998,53.250000,54.369999,9639300,52.364468
2011-06-08,54.080002,54.400002,52.799999,53.430000,13321700,51.459141
2011-06-07,55.279999,55.500000,54.419998,54.669998,9865400,52.653400
2011-06-06,56.259998,56.799999,54.619999,54.820000,10447800,52.797867
2011-06-03,56.310001,56.959999,56.000000,56.490002,9447200,54.406269
2011-06-02,57.150002,57.680000,55.820000,56.610001,9937100,54.521843
2011-06-01,58.009998,58.400002,57.000000,57.070000,9626300,54.964874
2011-05-31,58.459999,58.500000,57.419998,58.150002,8879000,56.005035
2011-05-27,57.490002,58.090000,57.450001,57.919998,7031300,55.783520
2011-05-26,57.049999,57.230000,56.310001,57.099998,7962300,54.993767
2011-05-25,56.700001,57.500000,56.369999,57.080002,8180600,54.974506
2011-05-24,55.869999,56.889999,55.830002,56.610001,11177000,54.521843
2011-05-23,55.369999,56.290001,54.919998,55.340000,11369900,53.298687
2011-05-20,55.599998,56.509998,54.540001,55.759998,19310600,53.703194
2011-05-19,55.330002,55.849998,55.000000,55.599998,7864500,53.549095
2011-05-18,55.340000,55.930000,55.029999,55.389999,11678200,53.346844
2011-05-17,54.209999,55.139999,53.610001,55.009998,14210100,52.980858
2011-05-16,54.150002,55.459999,53.830002,54.470001,14157200,52.460781
2011-05-13,54.680000,55.330002,53.369999,54.209999,13901400,52.210369
2011-05-12,54.310001,55.410000,53.610001,54.650002,14713600,52.634140
2011-05-11,56.650002,56.939999,54.490002,54.910000,15720200,52.884548
2011-05-10,57.360001,57.470001,56.730000,56.759998,10316100,54.666306
2011-05-09,56.820000,57.310001,56.290001,57.209999,8612300,55.099709
2011-05-06,56.860001,57.669998,55.950001,56.090000,12707600,54.021023
2011-05-05,57.349998,58.049999,55.240002,56.110001,23610000,54.040283
2011-05-04,58.330002,58.880001,57.029999,58.340000,15991400,56.188026
2011-05-03,59.830002,60.049999,57.570000,58.220001,19236200,56.072453
2011-05-02,61.450001,62.160000,59.590000,60.119999,12053300,57.902367
2011-04-29,61.590000,62.500000,61.169998,62.200001,10129400,59.905643
2011-04-28,61.779999,62.590000,61.110001,61.279999,9883500,59.019581
2011-04-27,60.619999,61.779999,59.509998,61.610001,12458900,59.337406
2011-04-26,60.799999,60.869999,59.799999,60.220001,8200000,57.998680
2011-04-25,62.869999,62.900002,60.900002,61.240002,9336200,58.981056
2011-04-21,62.650002,62.970001,62.160000,62.630001,7236100,60.319782
2011-04-20,62.369999,63.110001,62.070000,62.099998,10690700,59.809330
2011-04-19,60.849998,61.709999,60.560001,61.639999,7253700,59.366299
2011-04-18,61.349998,61.450001,59.529999,60.830002,13988800,58.586182
2011-04-15,61.680000,61.900002,61.040001,61.439999,9797800,59.173676
2011-04-14,60.970001,62.000000,60.799999,61.639999,10613900,59.366299
2011-04-13,61.680000,61.820000,60.509998,60.860001,7912400,58.615074
2011-04-12,61.720001,62.189999,60.529999,61.110001,10917800,58.855850
2011-04-11,63.840000,63.849998,61.540001,62.099998,10108200,59.809330
2011-04-08,63.580002,64.139999,63.340000,63.950001,7970000,61.591091
2011-04-07,62.660000,63.459999,62.279999,62.509998,7358200,60.204208
2011-04-06,63.230000,63.680000,62.360001,62.770000,9953500,60.454620
2011-04-05,59.830002,62.740002,59.680000,62.709999,11402200,60.396832
2011-04-04,60.070000,60.689999,59.730000,59.750000,4070600,57.546017
2011-04-01,59.880001,60.240002,59.430000,59.770000,6738400,57.565277
2011-03-31,60.250000,60.590000,59.860001,60.099998,6820900,57.883106
2011-03-30,59.270000,59.750000,58.650002,59.639999,8175500,57.440075
2011-03-29,58.419998,59.380001,58.040001,58.540001,7364500,56.380650
2011-03-28,58.889999,59.500000,58.439999,58.480000,6115400,56.322861
2011-03-25,60.099998,60.610001,59.220001,59.520000,7526500,57.324501
2011-03-24,60.689999,61.369999,59.799999,59.990002,12404200,57.777164
2011-03-23,58.400002,60.430000,58.320000,60.279999,8172200,58.056465
2011-03-22,57.720001,58.570000,57.439999,58.169998,5635400,56.024296
2011-03-21,57.720001,58.049999,57.209999,58.020000,6313200,55.879829
2011-03-18,56.490002,57.070000,56.080002,56.660000,10996300,54.569996
2011-03-17,55.680000,55.970001,55.060001,55.720001,7536000,53.664673
2011-03-16,56.529999,56.950001,54.680000,55.240002,12467700,53.202377
2011-03-15,55.049999,56.650002,54.750000,56.480000,13460200,54.396637
2011-03-14,57.810001,58.080002,57.049999,57.810001,6208700,55.677578
2011-03-11,56.349998,58.240002,56.119999,57.820000,8314400,55.687206
2011-03-10,57.599998,57.830002,56.549999,56.830002,13804700,54.733727
2011-03-09,59.689999,59.880001,58.540001,58.939999,5931000,56.765896
2011-03-08,59.759998,59.830002,58.599998,59.410000,6310700,57.218559
2011-03-07,61.240002,61.299999,59.790001,59.950001,8315100,57.738640
2011-03-04,60.080002,60.840000,60.060001,60.400002,5798800,58.172043
2011-03-03,60.110001,60.200001,59.189999,59.869999,8688500,57.661591
2011-03-02,61.099998,61.250000,60.360001,60.790001,7046500,58.547653
2011-03-01,60.380001,61.150002,60.250000,60.799999,10062600,58.557285
2011-02-28,59.240002,59.900002,58.919998,59.830002,5107500,57.623066
2011-02-25,58.250000,58.950001,58.180000,58.950001,6030200,56.775528
2011-02-24,59.950001,60.000000,57.630001,57.740002,10741600,55.610161
2011-02-23,58.910000,60.060001,58.689999,59.610001,9591100,57.411182
2011-02-22,60.200001,60.330002,58.430000,58.430000,10995900,56.274708
2011-02-18,58.740002,59.660000,58.660000,58.980000,7849900,56.804420
2011-02-17,58.130001,58.450001,57.779999,58.450001,6277500,56.293968
2011-02-16,57.700001,57.939999,56.959999,57.740002,6611200,55.610161
2011-02-15,57.099998,57.720001,57.020000,57.509998,8398600,55.388641
2011-02-14,55.990002,56.650002,55.950001,56.459999,4779600,54.377373
2011-02-11,56.020000,56.700001,55.509998,55.730000,8777200,53.674301
2011-02-10,55.849998,56.259998,55.220001,55.930000,7487800,53.866924
2011-02-09,57.369999,57.669998,56.099998,56.459999,7190000,54.377373
2011-02-08,56.990002,57.459999,56.759998,57.349998,8316700,55.234543
2011-02-07,56.660000,56.820000,55.930000,56.119999,6296600,54.049915
2011-02-04,56.930000,57.029999,55.970001,56.110001,8586900,54.040283
2011-02-03,55.270000,56.700001,54.540001,56.520000,11667100,54.435162
2011-02-02,55.570000,55.639999,54.560001,55.029999,6583300,53.000122
2011-02-01,54.570000,55.520000,54.009998,55.439999,11419600,53.394997
2011-01-31,54.139999,54.520000,53.439999,53.919998,8539200,51.931065
2011-01-28,53.470001,55.310001,53.270000,54.200001,13555700,52.200741
2011-01-27,55.040001,55.040001,53.330002,53.730000,14558900,51.748074
2011-01-26,53.020000,55.200001,52.950001,55.099998,16728600,53.067539
2011-01-25,52.770000,53.320000,52.459999,53.119999,17835300,51.160576
2011-01-24,53.889999,54.500000,53.119999,53.430000,11997200,51.459141
2011-01-21,54.410000,54.959999,53.900002,53.939999,16704300,51.950329
2011-01-20,54.189999,54.680000,53.380001,54.639999,17410200,52.624508
2011-01-19,56.349998,56.410000,54.939999,55.470001,8648800,53.423893
2011-01-18,55.650002,56.080002,55.439999,55.810001,6702300,53.751350
2011-01-14,55.549999,56.049999,54.610001,54.880001,17677900,52.855656
2011-01-13,58.150002,58.150002,55.689999,56.049999,12741600,53.982498
2011-01-12,58.230000,58.240002,57.310001,57.900002,7430200,55.764259
2011-01-11,57.700001,58.099998,57.299999,58.040001,8288600,55.899094
2011-01-10,56.880001,57.060001,56.279999,56.889999,7591100,54.791512
2011-01-07,56.470001,57.709999,56.400002,56.740002,11027600,54.647045
2011-01-06,58.279999,58.360001,56.560001,56.740002,13883700,54.647045
2011-01-05,58.340000,58.619999,57.490002,58.220001,11490900,56.072453
2011-01-04,60.040001,60.209999,58.000000,59.020000,13872000,56.842945
2011-01-03,61.810001,62.020000,60.400002,60.770000,9097700,58.528393
2010-12-31,61.119999,61.740002,60.959999,61.470001,4461500,59.202572
2010-12-30,61.270000,61.560001,60.610001,60.880001,3477600,58.634335
2010-12-29,61.380001,61.599998,60.950001,61.310001,4002400,59.048473
2010-12-28,60.619999,61.230000,60.130001,61.090000,5314000,58.836590
2010-12-27,59.930000,59.930000,58.930000,59.540001,3479200,57.343765
2010-12-23,59.369999,60.389999,59.000000,59.889999,7247400,57.680851
2010-12-22,60.540001,60.590000,59.810001,59.840000,4418900,57.246490
2010-12-21,60.650002,60.820000,60.070000,60.549999,5673800,57.925716
2010-12-20,60.630001,60.869999,59.830002,60.570000,5934300,57.944851
2010-12-17,60.310001,60.459999,59.400002,60.439999,11315700,57.820484
2010-12-16,60.849998,60.869999,59.500000,60.169998,10748800,57.562187
2010-12-15,61.590000,62.150002,60.840000,60.990002,9763900,58.346649
2010-12-14,62.330002,62.820000,61.869999,62.130001,6844900,59.437241
2010-12-13,62.580002,62.990002,62.020000,62.220001,7754800,59.523338
2010-12-10,61.099998,61.830002,60.599998,61.660000,7446700,58.987610
2010-12-09,61.799999,61.849998,61.029999,61.430000,9156700,58.767578
2010-12-08,61.849998,62.299999,60.770000,61.200001,11456300,58.547546
2010-12-07,64.580002,64.620003,62.279999,62.380001,14763900,59.676407
2010-12-06,63.070000,63.880001,62.889999,63.799999,8212400,61.034859
2010-12-03,61.799999,63.139999,61.740002,62.709999,10234800,59.992100
2010-12-02,60.700001,61.720001,60.700001,61.180000,9973000,58.528416
2010-12-01,60.020000,60.400002,59.430000,60.279999,8486500,57.667419
2010-11-30,58.900002,60.119999,58.790001,59.500000,10819500,56.921227
2010-11-29,58.419998,58.959999,57.610001,58.869999,6868000,56.318527
2010-11-26,58.360001,58.849998,58.259998,58.610001,3884200,56.069801
2010-11-24,59.840000,60.139999,59.259998,59.669998,4914000,57.083855
2010-11-23,59.910000,60.189999,59.180000,59.619999,10627800,57.036022
2010-11-22,59.130001,60.230000,58.730000,60.029999,8650100,57.428253
2010-11-19,58.680000,59.410000,58.349998,59.279999,7655600,56.710758
2010-11-18,59.270000,59.590000,58.810001,59.029999,10379900,56.471596
2010-11-17,57.549999,58.860001,57.520000,58.040001,9264000,55.524506
2010-11-16,58.509998,58.730000,57.049999,57.660000,16198800,55.160973
2010-11-15,60.230000,60.389999,59.200001,59.470001,7805600,56.892529
2010-11-12,60.509998,61.419998,59.360001,60.070000,13211000,57.466522
2010-11-11,61.590000,61.910000,60.480000,61.779999,10126300,59.102409
2010-11-10,60.500000,61.419998,59.299999,61.330002,17318500,58.671913
2010-11-09,62.830002,63.759998,59.189999,59.669998,25300200,57.083855
2010-11-08,59.970001,61.849998,59.889999,61.770000,10841100,59.092842
2010-11-05,59.669998,60.849998,59.560001,60.090000,10177600,57.485657
2010-11-04,59.340000,60.029999,59.080002,59.990002,13991400,57.389992
2010-11-03,57.590000,57.840000,56.169998,57.230000,15068800,54.749611
2010-11-02,57.759998,57.889999,57.150002,57.669998,7036500,55.170540
2010-11-01,57.580002,57.869999,56.730000,57.230000,6735500,54.749611
2010-10-29,56.720001,57.490002,56.520000,57.299999,8511700,54.816574
2010-10-28,55.490002,56.500000,55.009998,56.360001,8830400,53.917316
2010-10-27,55.009998,55.090000,53.669998,54.680000,8954800,52.310127
2010-10-26,55.009998,56.070000,54.880001,55.790001,6279700,53.372021
2010-10-25,55.980000,56.189999,55.400002,55.740002,9001000,53.324188
2010-10-22,54.349998,54.889999,53.840000,54.889999,7658800,52.511024
2010-10-21,55.500000,55.900002,53.779999,54.279999,13814000,51.927464
2010-10-20,54.639999,55.900002,54.610001,55.459999,11603300,53.056320
2010-10-19,55.360001,55.400002,54.009998,54.529999,16650900,52.166630
2010-10-18,57.000000,57.509998,56.509998,57.139999,7251600,54.663509
2010-10-15,57.869999,58.080002,56.919998,57.410000,11031300,54.921806
2010-10-14,58.430000,58.880001,57.889999,58.189999,8451000,55.667999
2010-10-13,57.799999,58.820000,57.750000,58.590000,10926900,56.050667
2010-10-12,56.959999,57.279999,56.110001,57.169998,9428600,54.692207
2010-10-11,57.029999,57.730000,56.599998,57.410000,7204500,54.921806
2010-10-08,56.639999,57.459999,56.610001,57.299999,8792800,54.816574
2010-10-07,58.580002,58.580002,55.970001,56.580002,18951100,54.127785
2010-10-06,57.490002,58.410000,57.209999,58.119999,11074600,55.601036
2010-10-05,56.810001,57.830002,56.720001,57.259998,12005700,54.778309
2010-10-04,56.369999,56.369999,55.200001,55.549999,7089800,53.142422
2010-10-01,55.930000,57.250000,55.930000,56.599998,9595500,54.146912
2010-09-30,56.759998,56.810001,54.990002,55.930000,12778900,53.505955
2010-09-29,56.779999,56.860001,56.099998,56.509998,10175400,54.060814
2010-09-28,55.000000,56.750000,54.279999,56.660000,15152200,54.204311
2010-09-27,55.849998,55.980000,55.150002,55.340000,5841700,52.941525
2010-09-24,56.619999,56.619999,55.490002,55.669998,9569200,53.257217
2010-09-23,56.090000,56.500000,55.480000,55.759998,8142200,53.343319
2010-09-22,56.290001,56.669998,55.810001,56.369999,10975400,53.926880
2010-09-21,55.090000,55.770000,53.849998,55.669998,16432400,53.257217
2010-09-20,55.180000,55.900002,54.959999,55.340000,9126700,52.941525
2010-09-17,55.730000,55.770000,54.680000,54.779999,8981800,52.405792
2010-09-16,55.169998,55.669998,54.860001,55.360001,9409700,52.960655
2010-09-15,54.730000,55.119999,54.259998,54.599998,8739800,52.233593
2010-09-14,53.970001,55.590000,53.919998,54.880001,14873400,52.501461
2010-09-13,53.200001,53.439999,52.720001,53.000000,5218600,50.702942
2010-09-10,52.470001,53.480000,52.430000,53.040001,5493200,50.741207
2010-09-09,53.939999,54.000000,52.500000,52.650002,7008500,50.368111
2010-09-08,54.290001,54.689999,53.660000,53.669998,6306500,51.343903
2010-09-07,54.259998,54.529999,53.919998,53.950001,7737500,51.611767
2010-09-03,53.110001,53.700001,52.759998,53.689999,6072000,51.363033
2010-09-02,53.459999,53.779999,52.810001,53.570000,6963000,51.248238
2010-09-01,54.150002,54.330002,52.759998,52.849998,7926200,50.559441
2010-08-31,53.419998,54.490002,53.310001,53.610001,12207400,51.286503
2010-08-30,53.200001,53.689999,52.939999,53.119999,5655100,50.817738
2010-08-27,52.810001,53.459999,51.980000,53.340000,9827100,51.028206
2010-08-26,51.990002,52.830002,51.980000,52.730000,8288000,50.444641
2010-08-25,50.750000,52.000000,50.410000,52.000000,9649600,49.746281
2010-08-24,49.790001,51.150002,49.570000,50.299999,7947800,48.119961
2010-08-23,51.369999,51.480000,50.660000,50.900002,4604000,48.693958
2010-08-20,51.189999,51.459999,50.509998,51.279999,6285900,49.057487
2010-08-19,52.220001,52.549999,51.209999,51.730000,6209300,49.487984
2010-08-18,50.840000,52.220001,50.500000,52.130001,8128500,49.870647
2010-08-17,50.939999,51.369999,50.529999,51.290001,5996700,49.067055
2010-08-16,50.360001,50.790001,50.169998,50.709999,5563700,48.512192
2010-08-13,50.270000,50.380001,49.650002,49.740002,3979300,47.584232
2010-08-12,49.759998,50.360001,49.700001,50.310001,7018800,48.129528
2010-08-11,50.160000,50.330002,48.990002,49.080002,8253200,46.952839
2010-08-10,49.459999,50.490002,49.139999,50.369999,8309300,48.186928
2010-08-09,50.169998,50.220001,49.480000,50.189999,5638600,48.014729
2010-08-06,50.119999,50.700001,49.950001,50.169998,6680500,47.995594
2010-08-05,49.599998,49.700001,49.169998,49.689999,4171500,47.536396
2010-08-04,49.320000,49.759998,49.110001,49.619999,11804700,47.469433
2010-08-03,48.279999,48.799999,48.130001,48.320000,6389400,46.225777
2010-08-02,48.930000,49.049999,47.680000,48.049999,6512800,45.967476
2010-07-30,47.580002,48.430000,47.450001,48.220001,9818200,46.130112
2010-07-29,47.740002,48.029999,47.119999,47.680000,7329300,45.613514
2010-07-28,46.910000,47.590000,46.799999,47.389999,8290600,45.336082
2010-07-27,48.500000,48.540001,46.820000,47.090000,17306800,45.049084
2010-07-26,49.500000,49.560001,48.599998,48.889999,7215800,46.771072
2010-07-23,49.360001,49.639999,48.869999,49.209999,8233600,47.077202
2010-07-22,48.570000,49.590000,48.520000,49.160000,7207800,47.029369
2010-07-21,49.009998,49.160000,47.889999,48.180000,6896800,46.091843
2010-07-20,47.380001,48.660000,47.230000,48.549999,6985900,46.445805
2010-07-19,48.110001,48.200001,46.990002,47.529999,8842000,45.470013
2010-07-16,49.250000,49.290001,48.419998,48.540001,9591800,46.436241
2010-07-15,50.660000,50.730000,49.509998,50.169998,5826200,47.995594
2010-07-14,50.369999,51.040001,49.880001,50.259998,7023800,48.081692
2010-07-13,51.369999,51.480000,50.250000,50.389999,8299600,48.206059
2010-07-12,50.389999,50.950001,49.830002,50.150002,4625200,47.976463
2010-07-09,49.919998,51.000000,49.919998,50.480000,6954000,48.292160
2010-07-08,50.230000,50.400002,48.619999,49.380001,7610700,47.239834
2010-07-07,48.900002,50.110001,48.500000,49.990002,7720100,47.823399
2010-07-06,49.830002,49.970001,48.480000,48.910000,8130900,46.790203
2010-07-02,50.000000,50.480000,49.270000,49.580002,7383000,47.431168
2010-07-01,51.529999,51.810001,48.790001,49.619999,14999200,47.469433
2010-06-30,51.770000,52.799999,51.709999,51.959999,6028700,49.708015
2010-06-29,52.599998,52.860001,51.650002,51.980000,10291600,49.727146
2010-06-28,53.950001,54.830002,52.970001,53.400002,12312700,51.085606
2010-06-25,53.040001,54.310001,52.799999,53.880001,8479600,51.544804
2010-06-24,52.139999,53.070000,51.939999,52.180000,8071600,49.918480
2010-06-23,51.900002,52.660000,51.419998,52.450001,6464600,50.176781
2010-06-22,52.590000,53.169998,52.130001,52.139999,6096000,49.880215
2010-06-21,54.270000,54.400002,52.169998,52.520000,10914800,50.243744
2010-06-18,53.860001,54.230000,53.570000,54.060001,10202400,51.717003
2010-06-17,52.619999,53.250000,52.480000,52.959999,9942500,50.664673
2010-06-16,50.980000,51.970001,50.810001,51.660000,7094800,49.421017
2010-06-15,50.169998,51.189999,50.150002,51.169998,6474100,48.952251
2010-06-14,50.930000,51.040001,49.799999,49.900002,6659900,47.737297
2010-06-11,50.790001,50.970001,50.410000,50.790001,4276300,48.588726
2010-06-10,50.119999,50.900002,50.009998,50.660000,6449900,48.464359
2010-06-09,50.500000,51.040001,49.830002,50.200001,7962500,48.024296
2010-06-08,50.709999,51.630001,50.310001,50.720001,12295100,48.521759
2010-06-07,48.700001,50.799999,48.400002,50.189999,10433700,48.014729
2010-06-04,49.139999,49.900002,48.630001,48.810001,9554600,46.694538
2010-06-03,50.610001,51.000000,49.150002,49.830002,7316500,47.670334
2010-06-02,49.820000,50.700001,49.509998,50.669998,6356700,48.473923
2010-06-01,50.299999,51.160000,49.720001,49.810001,9029200,47.651199
2010-05-28,49.860001,50.189999,49.299999,49.860001,7536800,47.699032
2010-05-27,49.419998,50.410000,49.320000,50.180000,9490600,48.005161
2010-05-26,50.049999,50.380001,48.840000,48.990002,11067000,46.866737
2010-05-25,47.220001,49.029999,46.889999,48.939999,16751400,46.818905
2010-05-24,48.070000,48.540001,47.509998,47.639999,11161700,45.575245
2010-05-21,46.169998,47.720001,45.880001,47.209999,17751400,45.163883
2010-05-20,48.110001,48.779999,46.759998,47.049999,25901600,45.010818
2010-05-19,50.500000,50.709999,48.099998,49.450001,21950900,47.306801
2010-05-18,51.270000,52.259998,50.950001,51.490002,14859300,49.258389
2010-05-17,52.970001,53.070000,51.209999,51.869999,14198200,49.621914
2010-05-14,53.480000,53.709999,51.369999,53.150002,17431200,50.846439
2010-05-13,53.470001,53.869999,52.430000,52.660000,12815800,50.377674
2010-05-12,54.040001,54.630001,53.259998,53.430000,22283300,51.114304
2010-05-11,51.389999,54.200001,51.320000,53.599998,21796600,51.276936
2010-05-10,49.509998,50.340000,49.029999,50.139999,15389200,47.966896
2010-05-07,49.669998,50.450001,48.410000,49.130001,16601100,47.000671
2010-05-06,49.169998,50.500000,48.070000,49.939999,23954100,47.775562
2010-05-05,48.060001,49.869999,47.889999,49.240002,17606300,47.105904
2010-05-04,50.220001,50.310001,48.459999,49.660000,22279200,47.507698
2010-05-03,50.919998,51.049999,49.369999,49.880001,10052600,47.718166
2010-04-30,50.869999,51.540001,50.500000,50.509998,12778500,48.320858
2010-04-29,49.820000,50.669998,49.639999,50.310001,9864000,48.129528
2010-04-28,48.470001,50.330002,48.340000,49.700001,17930100,47.545967
2010-04-27,47.689999,48.689999,47.320000,48.279999,17820100,46.187508
2010-04-26,48.250000,48.560001,47.910000,48.130001,5567100,46.044010
2010-04-23,47.209999,48.299999,46.680000,48.209999,9274400,46.120541
2010-04-22,46.419998,47.360001,46.049999,47.360001,7762600,45.307384
2010-04-21,46.700001,47.209999,46.360001,46.980000,8103800,44.943851
2010-04-20,47.000000,47.310001,46.439999,46.459999,6337400,44.446388
2010-04-19,46.119999,46.599998,45.700001,46.590000,10560900,44.570755
2010-04-16,47.020000,47.450001,45.730000,46.650002,20720900,44.628155
2010-04-15,47.959999,48.290001,47.549999,47.570000,5925400,45.508282
2010-04-14,48.230000,48.450001,47.610001,48.090000,7795500,46.005745
2010-04-13,48.020000,48.060001,46.860001,47.750000,10893000,45.680481
2010-04-12,48.500000,49.110001,48.009998,48.139999,8421500,46.053577
2010-04-09,48.660000,49.110001,48.209999,48.680000,9311900,46.570171
2010-04-08,48.000000,48.360001,47.610001,48.189999,8628700,46.101406
2010-04-07,47.320000,48.500000,47.150002,48.180000,14321100,46.091843
2010-04-06,46.639999,47.290001,46.580002,46.810001,9463300,44.781219
2010-04-05,46.860001,47.209999,46.400002,46.900002,8188700,44.867321
2010-04-01,45.459999,46.439999,45.360001,46.400002,12672400,44.388992
2010-03-31,44.480000,44.700001,44.160000,44.410000,8492500,42.485237
2010-03-30,44.439999,44.520000,43.590000,43.860001,10072700,41.959076
2010-03-29,44.189999,44.490002,43.849998,44.330002,9462600,42.408707
2010-03-26,43.160000,43.939999,42.750000,43.709999,12771600,41.815575
2010-03-25,43.980000,44.049999,42.720001,42.910000,14569900,41.050247
2010-03-24,44.389999,44.500000,43.369999,43.500000,18192200,41.614677
2010-03-23,45.020000,45.730000,44.439999,45.279999,11287100,43.317532
2010-03-22,44.660000,45.290001,44.209999,45.139999,12044100,43.183598
2010-03-19,45.310001,46.080002,44.869999,45.310001,17280500,43.346233
2010-03-18,46.369999,46.840000,45.520000,45.970001,12704600,43.977627
2010-03-17,46.200001,46.770000,46.130001,46.270000,15113900,44.264626
2010-03-16,45.779999,46.270000,45.560001,46.119999,14902600,44.121124
2010-03-15,45.119999,45.200001,44.320000,44.939999,8384600,42.992268
2010-03-12,45.580002,45.830002,44.750000,44.990002,9797100,43.040100
2010-03-11,44.790001,45.369999,44.250000,45.320000,10309800,43.355797
2010-03-10,45.799999,46.139999,44.599998,44.959999,16057900,43.011398
2010-03-09,45.349998,46.099998,45.250000,45.580002,10594100,43.604530
2010-03-08,46.770000,46.980000,45.810001,45.950001,9919600,43.958492
2010-03-05,45.950001,46.730000,45.939999,46.430000,13823000,44.417690
2010-03-04,46.150002,46.470001,45.240002,45.580002,15228300,43.604530
2010-03-03,46.259998,46.919998,45.959999,46.360001,18235600,44.350723
2010-03-02,45.169998,46.389999,44.959999,45.509998,21127800,43.537560
2010-03-01,44.200001,44.779999,43.490002,44.639999,11664500,42.705269
2010-02-26,43.810001,44.040001,43.090000,43.889999,10706200,41.987774
2010-02-25,41.860001,43.689999,41.349998,43.450001,21464000,41.566845
2010-02-24,42.230000,43.049999,42.029999,42.250000,12516800,40.418854
2010-02-23,43.930000,44.099998,42.189999,42.500000,15431400,40.658016
2010-02-22,44.980000,45.009998,43.880001,44.090000,12299900,42.179108
2010-02-19,44.430000,45.750000,44.209999,44.570000,15114000,42.638302
2010-02-18,44.610001,45.560001,44.610001,45.060001,15184500,43.107067
2010-02-17,44.900002,45.340000,44.330002,44.709999,14755100,42.772236
2010-02-16,45.169998,45.230000,44.570000,44.910000,15964000,42.963566
2010-02-12,43.150002,43.939999,42.650002,43.939999,16589900,42.035606
2010-02-11,42.590000,44.230000,42.320000,43.990002,18114400,42.083443
2010-02-10,42.580002,42.770000,41.410000,42.349998,15919300,40.514519
2010-02-09,41.759998,43.110001,41.590000,42.570000,24227600,40.724983
2010-02-08,42.259998,42.509998,40.770000,40.779999,18173900,39.012562
2010-02-05,40.180000,42.410000,39.480000,42.410000,33034700,40.571918
2010-02-04,41.650002,41.750000,40.049999,40.240002,25283400,38.495972
2010-02-03,43.020000,43.610001,42.509998,42.570000,13517700,40.724983
2010-02-02,43.520000,43.700001,42.680000,43.000000,19421400,41.136349
2010-02-01,41.250000,42.950001,41.200001,42.939999,18770400,41.078945
2010-01-29,42.000000,42.500000,40.529999,40.720001,22948500,38.955166
2010-01-28,43.130001,43.230000,41.160000,42.169998,28262300,40.342319
2010-01-27,42.939999,43.240002,41.820000,42.770000,18111200,40.916317
2010-01-26,42.689999,43.860001,42.299999,43.130001,17133300,41.260715
2010-01-25,44.450001,44.540001,43.130001,43.189999,17791100,41.318111
2010-01-22,43.299999,44.779999,42.950001,43.790001,26244900,41.892109
2010-01-21,45.310001,45.660000,43.720001,43.750000,24757600,41.853844
2010-01-20,46.660000,46.849998,44.849998,45.730000,21228000,43.748028
2010-01-19,47.340000,47.810001,47.279999,47.689999,8578100,45.623077
2010-01-15,48.020000,48.080002,47.049999,47.419998,14184100,45.364780
2010-01-14,48.779999,48.930000,48.020000,48.599998,8445500,46.493637
2010-01-13,48.599998,48.959999,47.500000,48.860001,9377500,46.742371
2010-01-12,49.480000,49.869999,47.939999,48.349998,14794800,46.254475
2010-01-11,51.000000,51.160000,49.910000,50.169998,12918100,47.995594
2010-01-08,49.509998,49.840000,48.630001,49.840000,10719800,47.679897
2010-01-07,49.340000,49.369999,48.549999,49.099998,13312000,46.971970
2010-01-06,48.919998,50.070000,48.709999,49.340000,19322600,47.201569
2010-01-05,47.970001,48.680000,47.439999,48.169998,13787800,46.082275
2010-01-04,47.779999,48.250000,47.560001,47.709999,12508700,45.642212
2009-12-31,46.459999,46.700001,46.040001,46.209999,7475300,44.207222
2009-12-30,46.009998,46.200001,45.590000,45.869999,6923800,43.881958
2009-12-29,46.930000,47.290001,46.299999,46.430000,7193000,44.417690
2009-12-28,47.400002,47.590000,46.490002,46.869999,7292400,44.838619
2009-12-24,47.549999,47.570000,46.959999,46.959999,4523300,44.924717
2009-12-23,45.799999,47.380001,45.750000,46.930000,12614200,44.896019
2009-12-22,45.500000,45.959999,44.799999,45.509998,13940400,43.431374
2009-12-21,46.439999,46.599998,44.799999,45.410000,12100300,43.335941
2009-12-18,45.549999,46.299999,44.980000,46.290001,15884200,44.175751
2009-12-17,47.040001,47.290001,45.169998,45.200001,19775800,43.135536
2009-12-16,48.099998,48.740002,47.720001,48.209999,12141300,46.008053
2009-12-15,48.230000,48.639999,47.330002,47.480000,10858400,45.311398
2009-12-14,48.450001,48.540001,47.560001,48.470001,8234300,46.256180
2009-12-11,48.840000,49.090000,47.509998,47.820000,12582000,45.635868
2009-12-10,49.259998,49.419998,48.279999,48.740002,10748700,46.513851
2009-12-09,48.040001,49.279999,47.630001,48.790001,18644400,46.561565
2009-12-08,49.020000,49.080002,47.419998,47.750000,21027900,45.569065
2009-12-07,49.389999,50.750000,48.799999,49.759998,21137500,47.487259
2009-12-04,52.500000,52.570000,49.480000,50.689999,31698100,48.374783
2009-12-03,54.220001,54.599998,53.070000,53.529999,15821400,51.085068
2009-12-02,54.470001,55.400002,54.209999,54.779999,17780100,52.277977
2009-12-01,52.599998,54.220001,52.500000,53.680000,14080400,51.228218
2009-11-30,50.639999,51.590000,50.380001,51.110001,14052600,48.775600
2009-11-27,50.290001,51.730000,49.410000,50.820000,10088300,48.498844
2009-11-25,52.169998,52.959999,51.849998,52.830002,10383300,50.417042
2009-11-24,51.880001,51.959999,50.540001,51.450001,14639200,49.100071
2009-11-23,52.340000,53.110001,51.389999,51.680000,13656800,49.319569
2009-11-20,50.270000,50.910000,49.790001,50.820000,12129100,48.498844
2009-11-19,50.290001,51.349998,49.270000,51.099998,12795700,48.766056
2009-11-18,52.000000,52.430000,50.560001,50.990002,11689900,48.661083
2009-11-17,50.470001,51.590000,50.180000,51.529999,10591000,49.176414
2009-11-16,50.669998,51.889999,50.549999,51.340000,15491700,48.995094
2009-11-13,48.439999,50.029999,48.320000,49.779999,13422500,47.506348
2009-11-12,49.450001,49.900002,48.209999,48.439999,14504200,46.227551
2009-11-11,50.869999,50.889999,49.650002,49.900002,12321100,47.620869
2009-11-10,49.070000,49.910000,48.400002,49.660000,13192100,47.391827
2009-11-09,49.150002,50.200001,49.049999,49.279999,15186300,47.029182
2009-11-06,47.000000,48.389999,46.759998,47.619999,14085700,45.445004
2009-11-05,46.650002,47.000000,46.040001,46.720001,11448800,44.586109
2009-11-04,46.639999,47.330002,45.720001,46.529999,21205200,44.404785
2009-11-03,42.400002,46.189999,42.200001,46.180000,22137000,44.070774
2009-11-02,43.130001,44.250000,41.810001,42.880001,16954900,40.921497
2009-10-30,43.500000,43.529999,40.919998,42.369999,17395900,40.434792
2009-10-29,42.549999,44.349998,42.400002,43.799999,13254700,41.799477
2009-10-28,43.900002,44.410000,41.610001,41.869999,18057500,39.957626
2009-10-27,44.410000,44.740002,43.430000,44.470001,12606500,42.438877
2009-10-26,46.790001,47.400002,44.380001,44.689999,14361100,42.648827
2009-10-23,47.810001,47.919998,46.360001,46.689999,9369900,44.557480
2009-10-22,47.060001,47.520000,46.340000,46.990002,10834100,44.843781
2009-10-21,47.029999,49.000000,47.009998,47.389999,12517900,45.225506
2009-10-20,48.720001,48.730000,46.810001,47.500000,8938200,45.330482
2009-10-19,48.520000,48.840000,47.549999,48.529999,8294700,46.313438
2009-10-16,47.980000,48.860001,47.599998,48.380001,12171200,46.170292
2009-10-15,48.150002,48.860001,47.980000,48.160000,9913900,45.960339
2009-10-14,49.599998,49.730000,48.980000,49.130001,8690600,46.886036
2009-10-13,48.810001,49.740002,48.009998,49.189999,11942300,46.943295
2009-10-12,48.939999,49.400002,47.880001,48.279999,7120900,46.074856
2009-10-09,48.290001,48.759998,47.630001,48.290001,9855300,46.084400
2009-10-08,48.540001,49.520000,47.689999,48.689999,17081400,46.466129
2009-10-07,47.650002,48.060001,46.849998,47.900002,11827700,45.712215
2009-10-06,46.580002,48.070000,46.349998,47.599998,17726600,45.425915
2009-10-05,43.099998,44.830002,43.099998,44.560001,7808100,42.524769
2009-10-02,42.639999,44.220001,42.279999,42.759998,13271500,40.806976
2009-10-01,45.290001,45.369999,42.810001,43.060001,11245400,41.093277
2009-09-30,45.400002,45.660000,43.830002,45.290001,10604900,43.221424
2009-09-29,43.250000,44.740002,43.099998,44.459999,7640600,42.429333
2009-09-28,43.290001,44.380001,43.000000,43.040001,5793200,41.074192
2009-09-25,43.270000,43.740002,42.669998,43.070000,10547000,41.102818
2009-09-24,45.340000,45.470001,43.250000,43.740002,11410300,41.742222
2009-09-23,46.110001,46.360001,44.730000,44.840000,12289900,42.791977
2009-09-22,46.730000,46.840000,45.869999,46.259998,9360600,44.147118
2009-09-21,44.500000,45.360001,43.500000,45.150002,16952900,43.087818
2009-09-18,47.250000,47.299999,45.369999,45.919998,13002600,43.822647
2009-09-17,47.799999,48.400002,46.070000,47.779999,18540200,45.597694
2009-09-16,48.049999,48.360001,47.639999,48.000000,16299400,45.807648
2009-09-15,45.340000,47.000000,45.340000,46.849998,13140000,44.710171
2009-09-14,45.240002,46.000000,45.040001,45.389999,12142500,43.316856
2009-09-11,46.669998,47.290001,45.669998,46.090000,16190800,43.984882
2009-09-10,43.790001,45.799999,43.599998,45.540001,16575600,43.460007
2009-09-09,45.220001,45.570000,43.470001,44.119999,15785300,42.104862
2009-09-08,46.980000,47.450001,45.029999,45.110001,21956700,43.049644
2009-09-04,44.419998,45.389999,43.900002,45.020000,13293400,42.963757
2009-09-03,43.150002,45.180000,42.700001,44.650002,23524600,42.610657
2009-09-02,39.400002,42.639999,39.180000,42.480000,17974000,40.539768
2009-09-01,39.099998,39.770000,38.340000,38.790001,6372400,37.018307
2009-08-31,39.389999,39.570000,39.080002,39.509998,4245900,37.705418
2009-08-28,40.209999,40.630001,39.770000,40.180000,5624400,38.344818
2009-08-27,38.860001,39.740002,38.060001,39.570000,4836700,37.762676
2009-08-26,39.180000,39.180000,38.430000,38.820000,4202000,37.046932
2009-08-25,39.689999,39.939999,39.040001,39.240002,4862600,37.447754
2009-08-24,39.400002,40.000000,38.790001,38.889999,5324000,37.113735
2009-08-21,39.380001,39.910000,39.099998,39.299999,5600600,37.505009
2009-08-20,37.990002,38.860001,37.939999,38.610001,2748200,36.846527
2009-08-19,37.459999,38.580002,37.110001,38.240002,5892600,36.493427
2009-08-18,37.529999,38.139999,37.500000,37.869999,4268600,36.140324
2009-08-17,37.560001,37.810001,36.990002,37.299999,7318700,35.596359
2009-08-14,40.160000,40.200001,38.799999,39.209999,4969200,37.419121
2009-08-13,39.900002,40.150002,39.279999,39.880001,6098300,38.058521
2009-08-12,38.320000,39.209999,38.220001,38.790001,3485200,37.018307
2009-08-11,38.950001,39.049999,38.369999,38.430000,5056900,36.674747
2009-08-10,39.320000,39.459999,38.919998,39.099998,3379200,37.314144
2009-08-07,40.720001,41.000000,39.900002,39.980000,4095900,38.153954
2009-08-06,41.330002,41.400002,40.290001,40.849998,5332000,38.984215
2009-08-05,41.150002,41.340000,40.080002,40.950001,4436100,39.079651
2009-08-04,40.700001,41.869999,40.340000,41.080002,4939600,39.203712
2009-08-03,40.720001,41.250000,40.470001,40.770000,7058400,38.907871
2009-07-31,38.290001,40.049999,38.090000,39.770000,5305800,37.953545
2009-07-30,38.090000,38.580002,37.970001,38.160000,5209700,36.417080
2009-07-29,37.740002,37.860001,37.020000,37.180000,6151800,35.481838
2009-07-28,38.779999,38.980000,37.349998,38.349998,7435600,36.598400
2009-07-27,40.310001,40.459999,39.669998,39.849998,3709900,38.029888
2009-07-24,39.810001,40.439999,39.740002,39.900002,3454100,38.077606
2009-07-23,39.549999,40.689999,39.439999,39.959999,5418300,38.134865
2009-07-22,39.500000,40.349998,39.130001,39.770000,5225900,37.953545
2009-07-21,40.689999,40.689999,38.849998,39.740002,6574700,37.924915
2009-07-20,39.950001,40.299999,39.520000,40.230000,6699500,38.392532
2009-07-17,38.400002,38.939999,38.110001,38.639999,3814700,36.875156
2009-07-16,38.000000,38.599998,37.660000,38.330002,3940200,36.579315
2009-07-15,38.099998,38.610001,38.040001,38.290001,6690700,36.541142
2009-07-14,36.490002,36.810001,36.189999,36.759998,5434700,35.081020
2009-07-13,35.009998,35.930000,34.049999,35.930000,5147500,34.288933
2009-07-10,34.810001,35.580002,34.580002,35.139999,4228100,33.535015
2009-07-09,35.639999,36.500000,35.259998,35.310001,4610400,33.697250
2009-07-08,36.299999,36.580002,34.450001,35.189999,11077700,33.582729
2009-07-07,36.910000,37.400002,36.500000,36.509998,5481700,34.842442
2009-07-06,36.950001,37.209999,36.180000,36.939999,6927900,35.252800
2009-07-02,38.299999,38.470001,37.720001,38.310001,3867400,36.560230
2009-07-01,38.700001,39.919998,38.599998,39.410000,5890300,37.609985
2009-06-30,39.150002,39.349998,37.630001,37.810001,5487600,36.083065
2009-06-29,39.500000,39.709999,38.860001,39.150002,4046600,37.361862
2009-06-26,40.250000,40.259998,39.130001,39.200001,5540900,37.409580
2009-06-25,38.500000,40.000000,38.299999,39.990002,6125500,38.163498
2009-06-24,38.160000,38.709999,37.750000,38.490002,7890100,36.732010
2009-06-23,36.180000,37.330002,35.459999,37.330002,8370100,35.624989
2009-06-22,37.400002,37.400002,35.650002,35.740002,10768600,34.107613
2009-06-19,37.709999,38.680000,37.560001,38.389999,8648000,36.636574
2009-06-18,38.340000,38.500000,37.049999,37.200001,7646300,35.500927
2009-06-17,38.130001,38.430000,37.130001,38.230000,8442100,36.483883
2009-06-16,38.849998,39.240002,37.860001,38.369999,7023200,36.617489
2009-06-15,39.279999,39.380001,37.680000,37.970001,8499000,36.235760
2009-06-12,39.990002,40.180000,39.279999,39.540001,8795500,37.734051
2009-06-11,40.509998,41.709999,40.099998,40.919998,5545000,39.051018
2009-06-10,41.939999,42.000000,40.310001,40.799999,5776600,38.936501
2009-06-09,42.080002,42.099998,40.900002,41.090000,5323900,39.213253
2009-06-08,40.500000,41.299999,39.849998,41.299999,9576700,39.413662
2009-06-05,42.250000,43.250000,40.820000,41.330002,10246700,39.442295
2009-06-04,42.750000,43.619999,42.340000,43.509998,9864900,41.522720
2009-06-03,43.740002,43.830002,41.299999,42.160000,10839900,40.234383
2009-06-02,43.770000,44.889999,43.610001,44.549999,9135500,42.515221
2009-06-01,44.730000,45.099998,43.389999,43.410000,10206600,41.427292
2009-05-29,44.450001,45.000000,43.700001,44.160000,13002600,42.143036
2009-05-28,41.939999,43.410000,41.939999,43.009998,8672200,41.045559
2009-05-27,41.910000,42.439999,41.080002,41.220001,7127300,39.337318
2009-05-26,41.000000,42.000000,40.410000,41.840000,7286400,39.929001
2009-05-22,41.919998,42.720001,41.750000,42.049999,9204600,40.129406
2009-05-21,40.500000,41.680000,39.459999,41.240002,9632100,39.356403
2009-05-20,39.330002,41.000000,39.299999,40.470001,16040800,38.621574
2009-05-19,37.750000,39.360001,37.480000,38.430000,7209900,36.674747
2009-05-18,37.619999,37.849998,36.540001,37.490002,4007300,35.777683
2009-05-15,38.130001,38.770000,37.119999,37.650002,7719000,35.930374
2009-05-14,37.660000,38.540001,36.900002,38.049999,5763300,36.312103
2009-05-13,38.599998,39.549999,37.619999,37.939999,10390900,36.207127
2009-05-12,37.950001,39.049999,37.790001,38.959999,8298600,37.180538
2009-05-11,37.070000,37.639999,36.549999,37.310001,4986500,35.605904
2009-05-08,36.560001,37.849998,36.459999,37.459999,6460500,35.749050
2009-05-07,37.470001,37.799999,36.119999,36.549999,6784400,34.880615
2009-05-06,35.639999,36.860001,35.639999,36.860001,7867600,35.176456
2009-05-05,35.740002,35.849998,34.639999,34.779999,6769700,33.191456
2009-05-04,33.650002,35.049999,33.450001,35.029999,5966100,33.430038
2009-05-01,33.000000,33.459999,32.680000,33.040001,2971200,31.530931
2009-04-30,33.240002,33.430000,32.720001,32.910000,5921600,31.406868
2009-04-29,33.990002,34.369999,33.650002,33.889999,5773600,32.342106
2009-04-28,33.330002,33.740002,32.889999,33.110001,5191000,31.597734
2009-04-27,34.320000,34.779999,33.840000,34.369999,5867900,32.800182
2009-04-24,33.360001,34.860001,33.330002,34.650002,8218700,33.067394
2009-04-23,31.990000,33.490002,31.590000,32.740002,9615100,31.244635
2009-04-22,31.870001,32.299999,31.370001,31.600000,6708900,30.156700
2009-04-21,32.849998,32.930000,31.000000,31.400000,7639400,29.965836
2009-04-20,31.549999,32.700001,31.510000,32.189999,8510700,30.719751
2009-04-17,31.950001,32.000000,30.799999,30.969999,9359900,29.555475
2009-04-16,33.930000,33.930000,31.969999,32.279999,8860100,30.805641
2009-04-15,33.590000,34.189999,33.480000,33.889999,4718600,32.342106
2009-04-14,33.950001,34.150002,33.389999,33.689999,4602900,32.151241
2009-04-13,34.200001,34.349998,33.689999,33.770000,6771100,32.227589
2009-04-09,33.450001,33.770000,33.000000,33.040001,4283100,31.530931
2009-04-08,34.180000,34.240002,32.970001,33.529999,4742900,31.998549
2009-04-07,33.580002,34.259998,33.419998,33.430000,5303800,31.903118
2009-04-06,33.400002,33.580002,32.619999,33.200001,8965800,31.683622
2009-04-03,36.799999,37.049999,34.250000,34.869999,10506200,33.277348
2009-04-02,37.540001,37.759998,36.310001,37.099998,7861900,35.405491
2009-04-01,37.770000,38.680000,37.439999,38.599998,5278700,36.836983
2009-03-31,36.820000,37.430000,35.970001,36.880001,4479500,35.195541
2009-03-30,35.970001,37.459999,35.759998,36.400002,6869100,34.737469
2009-03-27,37.509998,37.599998,36.590000,37.000000,4935300,35.310062
2009-03-26,38.930000,38.930000,37.880001,38.570000,6279800,36.808353
2009-03-25,36.950001,38.490002,36.549999,38.470001,8568900,36.712921
2009-03-24,36.549999,37.650002,35.849998,36.860001,9658100,35.176456
2009-03-23,37.410000,38.220001,37.200001,37.709999,8232500,35.987633
2009-03-20,36.799999,37.709999,36.450001,37.549999,12587100,35.834942
2009-03-19,36.290001,37.590000,36.290001,37.459999,16878600,35.749050
2009-03-18,31.410000,35.150002,30.620001,35.070000,16924400,33.468212
2009-03-17,32.240002,32.470001,31.370001,31.850000,5770900,30.395283
2009-03-16,32.660000,33.090000,32.330002,32.560001,5202400,31.072855
2009-03-13,33.189999,33.310001,32.380001,33.080002,5889600,31.569105
2009-03-12,31.850000,32.680000,31.389999,32.680000,8909900,31.187372
2009-03-11,30.080000,31.610001,29.870001,31.340000,8957100,29.908575
2009-03-10,31.370001,31.389999,29.250000,29.670000,13630000,28.314852
2009-03-09,32.650002,32.660000,31.180000,31.549999,7637800,30.108984
2009-03-06,33.529999,34.029999,32.320000,32.880001,10024500,31.378239
2009-03-05,31.500000,33.060001,31.420000,33.020000,9317000,31.511845
2009-03-04,32.240002,32.450001,30.870001,31.400000,7661700,29.965836
2009-03-03,31.000000,32.180000,29.920000,31.680000,10155400,30.233047
2009-03-02,33.560001,33.560001,30.750000,31.090000,11876500,29.669994
2009-02-27,33.919998,34.230000,32.520000,33.360001,10805900,31.836315
2009-02-26,32.630001,33.720001,32.189999,33.500000,12759700,31.969919
2009-02-25,33.340000,34.740002,32.840000,32.900002,15972300,31.397326
2009-02-24,36.500000,36.500000,33.250000,33.500000,18752000,31.969919
2009-02-23,36.750000,37.240002,35.639999,36.470001,23079700,34.804268
2009-02-20,36.730000,37.639999,36.049999,37.029999,19549300,35.338692
2009-02-19,37.080002,37.299999,35.419998,35.639999,14361200,34.012177
2009-02-18,37.000000,37.480000,35.689999,37.369999,13202300,35.663162
2009-02-17,36.959999,37.799999,36.560001,37.000000,19199000,35.310062
2009-02-13,36.000000,36.200001,35.279999,35.680000,6688300,34.050350
2009-02-12,36.240002,36.480000,35.549999,36.480000,14511100,34.813812
2009-02-11,34.490002,36.689999,34.160000,36.330002,17253800,34.670666
2009-02-10,35.189999,35.490002,33.340000,34.000000,11841600,32.447083
2009-02-09,34.880001,35.150002,34.020000,34.369999,6714800,32.800182
2009-02-06,34.419998,35.549999,34.139999,35.419998,9257600,33.802223
2009-02-05,34.900002,34.919998,34.040001,34.700001,11352400,33.115112
2009-02-04,33.700001,34.320000,33.430000,34.060001,7304400,32.504345
2009-02-03,33.400002,33.740002,32.560001,33.360001,9819200,31.836315
2009-02-02,33.349998,34.009998,32.500000,32.900002,10268900,31.397326
2009-01-30,35.540001,35.549999,33.509998,34.230000,11641400,32.666576
2009-01-29,32.320000,34.500000,32.000000,34.400002,10768000,32.828815
2009-01-28,33.250000,33.610001,32.330002,32.730000,7382000,31.235088
2009-01-27,33.990002,34.099998,33.270000,33.470001,6611700,31.941292
2009-01-26,35.240002,36.000000,33.500000,33.970001,11124400,32.418453
2009-01-23,32.270000,34.669998,32.230000,34.139999,12221500,32.580688
2009-01-22,31.480000,32.169998,31.000000,31.459999,4949200,30.023094
2009-01-21,30.900000,31.760000,29.940001,31.650000,6469400,30.204416
2009-01-20,31.000000,32.509998,30.680000,30.879999,7953200,29.469585
2009-01-16,30.629999,31.010000,29.440001,30.930000,9829300,29.517303
2009-01-15,28.340000,29.540001,27.150000,29.129999,6393100,27.799515
2009-01-14,29.080000,29.590000,27.670000,28.200001,5975100,26.911993
2009-01-13,28.969999,30.000000,28.620001,29.520000,8157700,28.171703
2009-01-12,30.190001,30.200001,28.700001,28.950001,5878100,27.627739
2009-01-09,31.590000,32.110001,30.450001,31.309999,4483800,29.879946
2009-01-08,30.889999,31.790001,30.540001,31.790001,5023900,30.338024
2009-01-07,32.360001,32.360001,29.590000,30.049999,6701100,28.677494
2009-01-06,31.830000,33.259998,31.420000,32.610001,8024000,31.120571
2009-01-05,31.959999,32.580002,31.350000,31.740000,7600000,30.290306
2009-01-02,33.509998,34.450001,33.180000,33.320000,4846500,31.798141
2008-12-31,32.500000,33.919998,32.209999,33.880001,4366200,32.332565
2008-12-30,33.000000,33.049999,32.310001,33.000000,4096000,31.492758
2008-12-29,33.169998,33.509998,32.450001,33.029999,5369300,31.521385
2008-12-26,30.959999,32.520000,30.180000,32.250000,2961500,30.777014
2008-12-24,30.780001,31.000000,29.799999,30.590000,1289200,29.192833
2008-12-23,29.920000,30.969999,29.580000,30.740000,3648400,29.335979
2008-12-22,31.290001,31.809999,29.290001,29.830000,4573100,28.467545
2008-12-19,29.219999,30.620001,28.959999,30.580000,9190300,29.183289
2008-12-18,31.820000,32.040001,29.070000,29.840000,9491900,28.477087
2008-12-17,32.779999,33.869999,31.740000,32.110001,10521200,30.643408
2008-12-16,32.340000,32.419998,29.870001,32.340000,11269900,30.862902
2008-12-15,29.650000,30.850000,29.270000,30.340000,7198800,28.954250
2008-12-12,27.520000,29.160000,27.139999,28.670000,7272700,27.360525
2008-12-11,28.920000,29.910000,27.370001,28.020000,11312400,26.740213
2008-12-10,27.090000,28.450001,26.980000,28.129999,10461900,26.845188
2008-12-09,24.980000,26.170000,24.520000,25.410000,5868300,24.249422
2008-12-08,25.000000,25.889999,24.610001,25.260000,7784000,24.106274
2008-12-05,22.889999,23.420000,21.200001,23.230000,7252900,22.168991
2008-12-04,23.900000,24.780001,22.900000,23.420000,8322800,22.350313
2008-12-03,23.650000,24.820000,23.400000,24.059999,6129200,22.961082
2008-12-02,23.889999,24.719999,23.700001,24.690001,8226600,23.562309
2008-12-01,24.780001,24.950001,22.500000,22.500000,8826700,21.472334
2008-11-28,26.330000,26.709999,25.520000,26.570000,2678100,25.356441
2008-11-26,24.920000,26.209999,24.410000,26.110001,9035800,24.917452
2008-11-25,25.590000,25.690001,23.650000,25.690001,11000600,24.516636
2008-11-24,24.500000,25.950001,24.240000,24.629999,11438000,23.505049
2008-11-21,20.250000,23.139999,19.670000,23.030001,8971200,21.978128
2008-11-20,18.610001,19.450001,17.590000,18.200001,7875900,17.368732
2008-11-19,19.950001,21.070000,18.600000,18.610001,9968300,17.760008
2008-11-18,19.879999,20.450001,19.129999,19.559999,6385100,18.666616
2008-11-17,20.350000,20.930000,19.370001,19.660000,5998800,18.762049
2008-11-14,21.840000,22.629999,20.459999,20.549999,6590800,19.611399
2008-11-13,19.600000,21.750000,17.790001,21.660000,9645400,20.670700
2008-11-12,20.990000,21.250000,19.400000,19.400000,6160100,18.513924
2008-11-11,22.410000,22.410000,20.969999,21.639999,5562700,20.651613
2008-11-10,23.290001,23.709999,22.370001,23.150000,4108000,22.092646
2008-11-07,21.730000,22.830000,21.209999,21.750000,6304100,20.756590
2008-11-06,23.730000,24.290001,21.010000,21.930000,9625700,20.928370
2008-11-05,23.600000,24.719999,22.980000,23.500000,6821500,22.426661
2008-11-04,22.360001,24.420000,22.219999,23.900000,10658000,22.808390
2008-11-03,20.969999,22.049999,20.969999,21.010000,5729300,20.050388
2008-10-31,21.379999,21.879999,20.780001,20.950001,4134300,19.993130
2008-10-30,21.889999,22.450001,19.950001,21.700001,6972900,20.708874
2008-10-29,19.170000,21.309999,18.910000,20.860001,8772700,19.907240
2008-10-28,17.160000,19.309999,16.420000,18.690001,5992000,17.836353
2008-10-27,18.000000,18.340000,16.330000,16.370001,7306100,15.622317
2008-10-24,15.840000,18.690001,15.830000,17.799999,8507900,16.987001
2008-10-23,18.260000,19.530001,16.799999,17.410000,9348900,16.614815
2008-10-22,20.900000,21.110001,18.110001,18.490000,7410000,17.645487
2008-10-21,22.459999,23.200001,21.760000,21.889999,4833100,20.890196
2008-10-20,22.320000,24.190001,22.059999,24.190001,3919300,23.085146
2008-10-17,21.370001,24.209999,20.969999,21.690001,6352300,20.699331
2008-10-16,24.760000,25.080000,21.549999,22.200001,9989200,21.186037
2008-10-15,27.350000,27.430000,24.360001,24.360001,6690500,23.247381
2008-10-14,27.660000,28.809999,26.840000,27.389999,6050700,26.138988
2008-10-13,27.379999,28.469999,25.020000,26.799999,6280300,25.575935
2008-10-10,30.059999,30.730000,24.680000,26.340000,11151400,25.136946
2008-10-09,31.400000,31.400000,29.410000,30.250000,7924500,28.868361
2008-10-08,28.660000,31.650000,28.230000,31.260000,9537600,29.832230
2008-10-07,28.820000,29.200001,26.930000,27.379999,7163300,26.129444
2008-10-06,30.219999,30.629999,25.299999,27.900000,9370300,26.625694
2008-10-03,28.750000,30.940001,28.540001,29.049999,5121300,27.723169
2008-10-02,33.070000,33.070000,28.469999,28.950001,9200800,27.627739
2008-10-01,34.189999,35.490002,33.650002,33.770000,5119600,32.227589
2008-09-30,33.990002,34.580002,33.400002,33.790001,3037200,32.246677
2008-09-29,35.290001,36.169998,33.540001,34.000000,5882100,32.447083
2008-09-26,36.919998,37.820000,35.240002,35.830002,4170900,34.193501
2008-09-25,37.150002,37.650002,36.029999,36.400002,3710600,34.737469
2008-09-24,37.779999,38.070000,36.939999,37.389999,3309300,35.682247
2008-09-23,38.240002,38.240002,36.459999,37.180000,5181200,35.481838
2008-09-22,36.180000,38.730000,36.160000,38.090000,8145700,36.350277
2008-09-19,33.810001,35.410000,32.900002,35.200001,6476900,33.592274
2008-09-18,35.520000,36.139999,33.259998,34.200001,11771700,32.637951
2008-09-17,30.889999,34.930000,30.110001,34.099998,12870300,32.542515
2008-09-16,29.490000,30.730000,28.610001,30.549999,6140300,29.154657
2008-09-15,31.309999,32.000000,29.740000,30.330000,6408600,28.944708
2008-09-12,29.700001,31.690001,29.000000,31.250000,10047700,29.822687
2008-09-11,28.799999,29.250000,27.350000,28.200001,7511200,26.911993
2008-09-10,28.580000,29.100000,27.430000,29.080000,8176700,27.751799
2008-09-09,30.150000,30.150000,27.889999,28.100000,10857500,26.816561
2008-09-08,33.599998,33.599998,30.940001,30.940001,5001400,29.526846
2008-09-05,32.970001,33.299999,31.650000,32.650002,4943900,31.158745
2008-09-04,34.090000,34.389999,32.160000,32.180000,6152400,30.710211
2008-09-03,34.910000,35.500000,33.290001,33.570000,4802900,32.036724
2008-09-02,35.650002,35.680000,34.910000,35.250000,3745200,33.639992
2008-08-29,38.220001,38.220001,37.349998,37.639999,1674800,35.920830
2008-08-28,38.740002,38.880001,37.349998,37.919998,2831400,36.188038
2008-08-27,37.580002,38.200001,37.369999,37.799999,2169700,36.073521
2008-08-26,36.700001,37.660000,36.680000,37.020000,2737200,35.329147
2008-08-25,37.320000,37.939999,36.799999,37.049999,2120700,35.357777
2008-08-22,37.889999,38.040001,36.889999,37.490002,2740600,35.777683
2008-08-21,37.580002,38.500000,37.450001,38.299999,5749500,36.550686
2008-08-20,36.150002,36.790001,35.459999,36.180000,3062000,34.527515
2008-08-19,34.889999,36.509998,34.700001,36.139999,4109900,34.489342
2008-08-18,35.169998,35.810001,35.000000,35.110001,4618800,33.506386
2008-08-15,35.000000,35.220001,34.259998,34.459999,6607700,32.886070
2008-08-14,37.160000,37.669998,35.830002,35.869999,3686600,34.231670
2008-08-13,35.840000,37.660000,35.799999,37.549999,6282300,35.834942
2008-08-12,35.020000,35.750000,34.380001,35.369999,6254000,33.754509
2008-08-11,36.520000,36.759998,33.860001,34.430000,9889200,32.857445
2008-08-08,38.000000,38.000000,36.279999,36.299999,5421900,34.642033
2008-08-07,39.439999,39.790001,38.560001,38.919998,2572300,37.142365
2008-08-06,38.939999,39.930000,38.939999,39.209999,3680700,37.419121
2008-08-05,40.200001,40.259998,38.430000,38.590000,5147300,36.827438
2008-08-04,42.009998,42.610001,40.290001,40.849998,6436200,38.984215
2008-08-01,43.200001,44.060001,42.000000,42.400002,3886000,40.463425
2008-07-31,44.360001,44.419998,43.290001,43.480000,2290800,41.494095
2008-07-30,42.500000,43.470001,41.720001,43.189999,5464500,41.217339
2008-07-29,44.549999,44.549999,43.169998,43.669998,3156000,41.675415
2008-07-28,44.630001,45.470001,44.000000,44.610001,2224300,42.572483
2008-07-25,44.320000,44.709999,43.340000,44.259998,2446900,42.238464
2008-07-24,44.660000,44.919998,43.310001,44.009998,3448300,41.999886
2008-07-23,46.720001,46.750000,44.310001,44.570000,4433700,42.534309
2008-07-22,48.900002,49.000000,46.619999,47.000000,2508000,44.853321
2008-07-21,48.169998,48.689999,47.250000,48.689999,1699400,46.466129
2008-07-18,47.330002,48.110001,47.070000,47.549999,1331500,45.378201
2008-07-17,48.209999,49.599998,47.150002,47.549999,2893400,45.378201
2008-07-16,49.919998,49.919998,47.869999,48.570000,2379000,46.351612
2008-07-15,51.439999,51.840000,48.910000,49.599998,5033500,47.334568
2008-07-14,49.150002,50.939999,48.599998,50.840000,2378700,48.517933
2008-07-11,47.959999,49.090000,47.959999,48.709999,4021200,46.485218
2008-07-10,46.009998,47.099998,45.860001,46.669998,1885200,44.538391
2008-07-09,45.630001,47.049999,45.330002,45.360001,1883900,43.288227
2008-07-08,45.880001,45.880001,44.799999,45.549999,2949800,43.469547
2008-07-07,46.080002,46.599998,45.689999,46.250000,1763500,44.137577
2008-07-03,47.840000,47.840000,46.430000,47.070000,1658800,44.920124
2008-07-02,49.500000,49.500000,47.980000,48.139999,1783200,45.941254
2008-07-01,49.070000,50.090000,48.799999,49.529999,3006900,47.267765
2008-06-30,48.110001,49.169998,47.090000,48.590000,2067900,46.370701
2008-06-27,47.080002,48.700001,47.040001,48.290001,3392500,46.084400
2008-06-26,45.000000,46.520000,45.000000,46.419998,3895200,44.299809
2008-06-25,43.990002,44.139999,42.790001,43.880001,2043300,41.875824
2008-06-24,44.220001,44.650002,43.849998,44.060001,1006800,42.047604
2008-06-23,43.080002,44.279999,42.869999,44.279999,1889000,42.257553
2008-06-20,44.049999,44.570000,43.470001,43.840000,2477800,41.837650
2008-06-19,44.750000,45.110001,43.830002,44.049999,1767500,42.038059
2008-06-18,44.200001,44.410000,43.799999,44.279999,1119000,42.257553
2008-06-17,43.590000,44.389999,43.590000,44.040001,866700,42.028519
2008-06-16,44.230000,44.509998,43.570000,43.650002,1048500,41.656330
2008-06-13,42.860001,43.259998,42.720001,43.150002,1303300,41.179169
2008-06-12,43.419998,43.459999,42.700001,43.180000,2248900,41.207794
2008-06-11,44.549999,44.779999,44.009998,44.110001,1351000,42.095318
2008-06-10,45.689999,45.880001,44.040001,44.209999,3007500,42.190750
2008-06-09,46.639999,47.130001,46.270000,46.650002,1169400,44.519306
2008-06-06,46.189999,47.250000,46.189999,46.689999,1915200,44.557480
2008-06-05,44.410000,45.830002,44.299999,45.790001,1560500,43.698586
2008-06-04,45.560001,45.590000,44.599998,44.680000,1528000,42.639286
2008-06-03,45.689999,46.610001,45.410000,45.450001,1336800,43.374115
2008-06-02,46.000000,46.750000,45.950001,46.410000,940100,44.290268
2008-05-30,45.590000,46.139999,45.549999,46.020000,1099900,43.918083
2008-05-29,45.849998,46.119999,45.130001,45.250000,1856500,43.183250
2008-05-28,45.799999,46.980000,45.590000,46.959999,1478200,44.815147
2008-05-27,46.880001,47.139999,46.150002,46.439999,1977100,44.318897
2008-05-23,48.439999,48.830002,47.750000,47.750000,1630700,45.569065
2008-05-22,48.610001,49.070000,47.619999,48.180000,2708200,45.979427
2008-05-21,48.840000,49.820000,48.580002,48.700001,3507300,46.475677
2008-05-20,47.790001,48.849998,47.790001,48.720001,2474600,46.494762
2008-05-19,47.830002,48.160000,47.250000,47.560001,2845600,45.387745
2008-05-16,47.000000,47.540001,46.849998,47.320000,3520000,45.158707
2008-05-15,45.509998,46.360001,45.430000,46.209999,2346100,44.099403
2008-05-14,45.290001,45.730000,44.650002,44.680000,1036800,42.639286
2008-05-13,45.310001,45.759998,44.669998,45.349998,1567700,43.278683
2008-05-12,45.990002,46.490002,45.410000,45.980000,2279100,43.879910
2008-05-09,46.439999,46.590000,45.000000,45.959999,2583600,43.860821
2008-05-08,44.880001,46.099998,44.880001,46.080002,2832200,43.975342
2008-05-07,44.439999,44.889999,44.160000,44.490002,1128000,42.457966
2008-05-06,44.279999,45.320000,44.279999,45.189999,1976200,43.125988
2008-05-05,43.840000,44.270000,43.630001,44.099998,1812700,42.085773
2008-05-02,42.709999,43.580002,42.660000,43.180000,1730000,41.207794
2008-05-01,42.750000,43.049999,41.610001,42.650002,5422100,40.702003
2008-04-30,42.799999,43.779999,42.439999,43.599998,3816200,41.608612
2008-04-29,43.619999,43.630001,42.169998,42.529999,4684500,40.587482
2008-04-28,45.279999,45.900002,44.310001,44.310001,1800900,42.286186
2008-04-25,44.830002,45.330002,44.380001,45.330002,2262000,43.259598
2008-04-24,45.900002,45.900002,44.169998,44.310001,4098500,42.286186
2008-04-23,47.349998,47.450001,46.080002,46.250000,2760100,44.137577
2008-04-22,48.369999,49.230000,47.970001,48.130001,1737200,45.931709
2008-04-21,49.599998,49.639999,48.220001,48.720001,1842800,46.494762
2008-04-18,49.500000,49.700001,48.820000,49.299999,2945600,47.048271
2008-04-17,51.119999,51.259998,50.389999,50.810001,1292300,48.489304
2008-04-16,49.919998,51.450001,49.919998,51.430000,2944600,49.080986
2008-04-15,48.680000,49.099998,48.560001,49.099998,1178600,46.857403
2008-04-14,48.130001,48.740002,47.939999,48.000000,1131900,45.807648
2008-04-11,49.090000,49.220001,48.080002,48.220001,1558100,46.017601
2008-04-10,49.450001,49.750000,48.400002,49.029999,1645400,46.790600
2008-04-09,48.330002,49.500000,48.270000,49.349998,2108700,47.095985
2008-04-08,48.410000,49.000000,48.139999,48.430000,1390900,46.218006
2008-04-07,49.270000,50.250000,48.959999,49.150002,1756500,46.905125
2008-04-04,48.500000,49.119999,48.470001,48.910000,1878000,46.676083
2008-04-03,48.090000,48.889999,47.880001,48.540001,1702600,46.322983
2008-04-02,46.689999,48.389999,46.549999,48.380001,2359300,46.170292
2008-04-01,46.650002,46.650002,45.529999,46.389999,3567100,44.271179
2008-03-31,49.099998,49.410000,47.139999,47.700001,2756200,45.521351
2008-03-28,48.970001,49.169998,48.009998,49.080002,1735600,46.838322
2008-03-27,49.950001,49.950001,48.860001,49.360001,2730400,47.105530
2008-03-26,49.430000,50.130001,49.340000,49.900002,4326800,47.620869
2008-03-25,47.730000,49.060001,47.720001,49.040001,2852600,46.800148
2008-03-24,47.799999,48.419998,46.730000,46.970001,4141100,44.824692
2008-03-20,47.549999,48.099998,46.070000,47.779999,6026300,45.597694
2008-03-19,51.619999,51.680000,48.740002,49.369999,6715900,47.115070
2008-03-18,55.299999,55.490002,52.119999,52.389999,4391000,49.997135
2008-03-17,55.490002,56.740002,54.040001,54.970001,4293000,52.459301
2008-03-14,55.889999,56.869999,55.189999,56.419998,4181300,53.843071
2008-03-13,54.290001,56.049999,54.270000,56.049999,3685500,53.489971
2008-03-12,53.700001,54.009998,53.080002,53.650002,2443600,51.199589
2008-03-11,52.439999,53.560001,51.680000,53.560001,3226100,51.113701
2008-03-10,52.330002,52.720001,51.209999,51.419998,5252300,49.071442
2008-03-07,54.919998,54.919998,52.820000,53.450001,4223000,51.008724
2008-03-06,54.700001,55.060001,53.820000,54.779999,3740000,52.277977
2008-03-05,53.450001,54.950001,53.310001,54.689999,4219700,52.192085
2008-03-04,55.150002,55.200001,51.959999,52.750000,7694100,50.340694
2008-03-03,54.049999,54.919998,53.790001,54.619999,6082600,52.125282
2008-02-29,54.000000,54.119999,52.639999,53.119999,5461000,50.693794
2008-02-28,53.169998,54.400002,53.169998,54.380001,5439400,51.896248
2008-02-27,52.740002,53.770000,52.599998,53.160000,5624100,50.731968
2008-02-26,50.709999,52.220001,50.580002,52.029999,6042200,49.653580
2008-02-25,50.820000,51.189999,49.759998,50.939999,5111800,48.613365
2008-02-22,51.189999,51.189999,49.490002,50.880001,5110100,48.556107
2008-02-21,51.419998,52.200001,50.639999,50.790001,8028900,48.470219
2008-02-20,49.130001,50.950001,49.000000,50.950001,6070200,48.622910
2008-02-19,48.869999,49.779999,48.680000,49.599998,5005200,47.334568
2008-02-15,47.480000,48.080002,46.759998,47.750000,4141500,45.569065
2008-02-14,47.730000,48.090000,47.230000,47.490002,4326200,45.320942
2008-02-13,47.000000,47.810001,46.560001,47.759998,4449000,45.578606
2008-02-12,48.599998,48.950001,46.799999,46.889999,4651000,44.748344
2008-02-11,48.619999,48.919998,47.480000,48.650002,4430800,46.427959
2008-02-08,47.060001,48.680000,47.000000,48.540001,4605900,46.322983
2008-02-07,46.849998,47.389999,46.349998,46.860001,4785400,44.719715
2008-02-06,47.320000,48.049999,46.840000,46.900002,4549400,44.757889
2008-02-05,47.080002,47.310001,46.400002,46.750000,5774600,44.614738
2008-02-04,49.000000,49.000000,47.810001,48.150002,4153700,45.950798
2008-02-01,50.540001,50.930000,48.889999,49.150002,3315900,46.905125
2008-01-31,50.520000,50.869999,49.820000,50.349998,2790800,48.050312
2008-01-30,50.639999,52.169998,50.220001,51.049999,4030000,48.718342
2008-01-29,51.590000,51.590000,50.570000,50.700001,3199800,48.384327
2008-01-28,50.830002,51.380001,49.930000,51.209999,4157000,48.871033
2008-01-25,50.930000,51.959999,50.250000,50.419998,4283100,48.117115
2008-01-24,49.930000,50.889999,49.849998,50.349998,3635900,48.050312
2008-01-23,48.560001,49.470001,46.270000,48.189999,3998100,45.988968
2008-01-22,45.470001,49.500000,44.849998,49.500000,6123900,47.239136
2008-01-18,48.470001,48.950001,46.470001,48.340000,3697800,46.132118
2008-01-17,49.770000,50.400002,47.770000,47.910000,4064300,45.721756
2008-01-16,50.290001,50.869999,48.250000,48.830002,5080200,46.599739
2008-01-15,53.070000,53.590000,51.000000,51.209999,4602200,48.871033
2008-01-14,54.029999,54.230000,53.090000,53.320000,6214000,50.884663
2008-01-11,52.000000,53.200001,51.799999,52.419998,3736400,50.025764
2008-01-10,50.860001,52.459999,50.349998,52.020000,3529200,49.644039
2008-01-09,50.810001,51.189999,50.160000,51.130001,4724100,48.794689
2008-01-08,50.740002,51.980000,50.599998,50.799999,4603800,48.479759
2008-01-07,49.810001,50.279999,48.520000,49.060001,2859300,46.819233
2008-01-04,50.279999,50.349998,49.279999,49.900002,2678500,47.620869
2008-01-03,49.349998,51.180000,49.099998,50.740002,3871200,48.422501
2008-01-02,46.689999,49.270000,46.689999,49.240002,3385300,46.991013
2007-12-31,46.619999,46.740002,45.630001,45.830002,980700,43.736759
2007-12-28,45.770000,46.740002,45.770000,46.630001,1444900,44.500221
2007-12-27,45.970001,45.980000,45.150002,45.380001,1958900,43.307316
2007-12-26,44.750000,45.810001,44.730000,45.680000,1680400,43.593613
2007-12-24,45.009998,45.009998,44.279999,44.330002,990600,42.305271
2007-12-21,43.990002,45.410000,43.639999,45.000000,3648200,42.233696
2007-12-20,43.099998,43.230000,42.400002,42.869999,1279700,40.234634
2007-12-19,43.369999,43.639999,42.889999,43.049999,1084700,40.403568
2007-12-18,43.360001,43.759998,42.310001,43.419998,2247900,40.750820
2007-12-17,43.900002,44.310001,42.500000,42.549999,1613400,39.934303
2007-12-14,44.560001,45.040001,44.150002,44.310001,2332900,41.586113
2007-12-13,46.200001,46.250000,44.619999,45.049999,2328700,42.280621
2007-12-12,46.750000,47.150002,46.070000,46.700001,2369900,43.829193
2007-12-11,47.450001,48.139999,45.669998,45.930000,2205500,43.106525
2007-12-10,46.910000,47.770000,46.880001,47.340000,2009000,44.429848
2007-12-07,47.000000,47.000000,45.930000,46.400002,1412300,43.547634
2007-12-06,45.630001,46.939999,45.380001,46.779999,2123200,43.904270
2007-12-05,46.470001,46.470001,45.529999,45.919998,1865200,43.097137
2007-12-04,47.200001,47.200001,45.970001,46.200001,2908300,43.359928
2007-12-03,45.759998,47.110001,45.750000,46.820000,775800,43.941814
2007-11-30,47.090000,47.500000,45.700001,46.360001,2006000,43.510094
2007-11-29,47.099998,48.000000,46.759998,47.020000,1668500,44.129520
2007-11-28,46.110001,48.000000,46.060001,47.860001,3893200,44.917881
2007-11-27,46.840000,46.840000,45.740002,46.610001,2329700,43.744724
2007-11-26,49.430000,49.430000,46.849998,47.060001,1966500,44.167061
2007-11-23,48.000000,48.849998,47.349998,48.849998,1155900,45.847023
2007-11-21,47.900002,47.900002,45.950001,46.820000,2226200,43.941814
2007-11-20,46.450001,47.930000,45.790001,47.930000,2560100,44.983578
2007-11-19,46.650002,46.700001,45.040001,45.450001,2779600,42.656033
2007-11-16,46.880001,47.189999,46.150002,46.950001,2132700,44.063824
2007-11-15,47.990002,47.990002,45.970001,46.439999,2910000,43.585175
2007-11-14,49.490002,49.500000,48.349998,48.700001,1823900,45.706245
2007-11-13,46.939999,48.020000,46.939999,47.580002,1919300,44.655094
2007-11-12,48.959999,48.959999,46.470001,46.689999,3908400,43.819805
2007-11-09,51.250000,51.259998,50.009998,50.310001,1813000,47.217274
2007-11-08,51.500000,52.650002,49.930000,51.400002,3504100,48.240269
2007-11-07,53.840000,53.840000,51.500000,51.529999,3870500,48.362274
2007-11-06,51.810001,52.500000,51.669998,52.250000,2181600,49.038013
2007-11-05,51.230000,51.230000,49.779999,50.439999,2132700,47.339279
2007-11-02,49.689999,50.740002,48.900002,50.709999,3212200,47.592682
2007-11-01,50.160000,50.160000,48.590000,48.820000,2165300,45.818867
2007-10-31,49.209999,50.810001,48.860001,50.599998,4774900,47.489445
2007-10-30,48.840000,48.930000,48.480000,48.820000,1304900,45.818867
2007-10-29,49.189999,49.840000,49.009998,49.840000,1586300,46.776165
2007-10-26,48.230000,48.660000,47.900002,48.400002,1930200,45.424686
2007-10-25,47.540001,47.540001,46.840000,47.450001,1494200,44.533089
2007-10-24,46.500000,47.000000,45.660000,47.000000,1642600,44.110748
2007-10-23,46.240002,46.730000,45.709999,46.619999,1470200,43.754108
2007-10-22,45.509998,45.610001,44.619999,45.529999,2270700,42.731113
2007-10-19,47.650002,47.650002,46.299999,46.799999,2277700,43.923042
2007-10-18,46.639999,47.490002,46.590000,47.400002,1433000,44.486160
2007-10-17,47.919998,48.090000,45.980000,46.459999,1721400,43.603943
2007-10-16,48.009998,48.099998,47.020000,47.290001,1541700,44.382923
2007-10-15,48.650002,49.740002,47.459999,48.020000,2146800,45.068047
2007-10-12,47.290001,47.799999,46.959999,47.790001,1458200,44.852184
2007-10-11,47.180000,48.509998,46.130001,46.799999,5105400,43.923042
2007-10-10,46.419998,46.779999,45.799999,46.680000,1494900,43.810421
2007-10-09,44.389999,45.790001,44.349998,45.790001,1120600,42.975132
2007-10-08,45.000000,45.209999,44.220001,44.619999,606000,41.877056
2007-10-05,44.230000,45.590000,44.189999,45.590000,2217500,42.787426
2007-10-04,43.430000,44.369999,42.869999,44.369999,1849300,41.642422
2007-10-03,44.330002,44.419998,43.430000,43.580002,1442000,40.900990
2007-10-02,44.540001,45.400002,43.310001,43.799999,2634900,41.107464
2007-10-01,44.869999,45.840000,44.820000,45.820000,1500500,43.003288
2007-09-28,45.250000,45.810001,44.980000,45.349998,1853000,42.562180
2007-09-27,44.380001,44.630001,43.840000,44.330002,1997400,41.604885
2007-09-26,44.740002,45.020000,43.400002,43.849998,3632800,41.154388
2007-09-25,44.580002,44.680000,44.150002,44.590000,2173300,41.848900
2007-09-24,45.209999,45.730000,45.020000,45.099998,2098700,42.327545
2007-09-21,45.950001,45.959999,45.000000,45.480000,2422700,42.684189
2007-09-20,45.049999,45.860001,44.919998,45.820000,3633000,43.003288
2007-09-19,43.939999,44.590000,43.590000,44.029999,2778800,41.323322
2007-09-18,42.000000,43.630001,41.400002,43.599998,2453100,40.919758
2007-09-17,42.320000,42.700001,41.840000,42.150002,2258400,39.558895
2007-09-14,42.020000,42.720001,41.610001,42.169998,2389300,39.577663
2007-09-13,41.730000,42.279999,41.500000,42.209999,1566600,39.615208
2007-09-12,41.849998,42.209999,41.599998,42.189999,1177000,39.596436
2007-09-11,41.090000,42.139999,40.849998,42.049999,1722400,39.465042
2007-09-10,41.599998,41.650002,40.520000,40.939999,1592700,38.423279
2007-09-07,41.590000,41.750000,40.680000,41.169998,2828400,38.639137
2007-09-06,38.970001,40.980000,38.970001,40.950001,2737700,38.432663
2007-09-05,38.259998,38.570000,37.970001,38.480000,1225800,36.114502
2007-09-04,37.740002,38.939999,37.730000,38.660000,1883700,36.283436
2007-08-31,37.590000,37.750000,37.099998,37.650002,1660500,35.335526
2007-08-30,36.349998,37.189999,36.349998,36.509998,1032700,34.265602
2007-08-29,36.099998,36.959999,36.049999,36.959999,1215800,34.687943
2007-08-28,36.160000,36.650002,35.599998,35.709999,962600,33.514782
2007-08-27,37.070000,37.070000,36.509998,36.630001,1452400,34.378227
2007-08-24,36.490002,37.380001,36.419998,37.130001,1093300,34.847492
2007-08-23,37.340000,37.419998,36.250000,36.349998,1297200,34.115440
2007-08-22,36.360001,37.040001,36.349998,36.880001,1651100,34.612862
2007-08-21,35.549999,36.000000,35.480000,35.750000,1199300,33.552326
2007-08-20,35.439999,36.099998,35.099998,35.799999,1783900,33.599251
2007-08-17,35.509998,36.450001,34.810001,35.220001,2975600,33.054909
2007-08-16,35.560001,35.639999,32.759998,34.490002,5587800,32.369781
2007-08-15,37.330002,37.619999,36.009998,36.450001,2675800,34.209293
2007-08-14,38.950001,39.110001,37.840000,38.049999,1714800,35.710934
2007-08-13,39.849998,39.900002,38.980000,39.130001,1228800,36.724545
2007-08-10,39.000000,40.099998,38.799999,39.849998,1976300,37.400284
2007-08-09,39.150002,39.500000,38.500000,39.450001,2182100,37.024876
2007-08-08,39.369999,40.340000,39.360001,40.130001,1905300,37.663071
2007-08-07,38.099998,38.990002,37.880001,38.580002,1075100,36.208359
2007-08-06,39.360001,40.139999,38.070000,38.740002,2174900,36.358521
2007-08-03,39.790001,40.119999,39.330002,39.480000,1742100,37.053028
2007-08-02,39.669998,39.950001,39.360001,39.810001,1112000,37.362743
2007-08-01,39.939999,40.040001,38.820000,39.480000,1481000,37.053028
2007-07-31,40.509998,40.930000,39.930000,39.939999,1234200,37.484749
2007-07-30,39.299999,40.360001,39.110001,40.099998,1202700,37.634914
2007-07-27,40.029999,40.230000,39.020000,39.020000,1932200,36.621307
2007-07-26,40.799999,41.000000,39.369999,40.299999,3046100,37.822620
2007-07-25,41.889999,41.990002,40.759998,41.720001,2414900,39.155331
2007-07-24,43.200001,43.299999,42.150002,42.400002,1210100,39.793530
2007-07-23,43.110001,43.139999,42.740002,42.990002,629800,40.347260
2007-07-20,43.110001,43.250000,42.660000,43.040001,1191900,40.394184
2007-07-19,42.580002,43.189999,42.580002,43.090000,1537700,40.441109
2007-07-18,41.000000,42.480000,40.889999,42.480000,1382000,39.868607
2007-07-17,41.029999,41.189999,40.669998,40.820000,1077400,38.310654
2007-07-16,41.389999,41.389999,40.590000,41.060001,701000,38.535900
2007-07-13,41.340000,41.619999,41.209999,41.310001,583700,38.770535
2007-07-12,40.820000,41.369999,40.580002,41.279999,1065100,38.742374
2007-07-11,40.419998,40.660000,40.160000,40.660000,720400,38.160488
2007-07-10,40.820000,41.090000,40.500000,40.660000,914200,38.160488
2007-07-09,40.919998,41.240002,40.720001,40.880001,1353900,38.366966
2007-07-06,39.299999,40.560001,39.250000,40.529999,1608300,38.038483
2007-07-05,38.910000,39.250000,38.599998,39.250000,816300,36.837170
2007-07-03,38.790001,38.880001,38.560001,38.730000,299700,36.349133
2007-07-02,38.330002,38.840000,38.259998,38.840000,727400,36.452374
2007-06-29,37.759998,38.020000,37.619999,37.889999,508500,35.560772
2007-06-28,37.400002,38.090000,37.400002,37.630001,495100,35.316757
2007-06-27,37.060001,37.400002,36.630001,37.400002,1252700,35.100895
2007-06-26,37.860001,37.860001,36.720001,37.099998,1323400,34.819332
2007-06-25,38.549999,39.230000,37.830002,37.849998,867200,35.523228
2007-06-22,38.860001,39.090000,38.389999,38.790001,848700,36.405445
2007-06-21,38.799999,39.150002,38.139999,39.150002,827400,36.743317
2007-06-20,39.400002,39.400002,38.619999,38.689999,600700,36.311592
2007-06-19,38.810001,39.470001,38.740002,39.470001,757200,37.043644
2007-06-18,39.200001,39.279999,38.900002,38.980000,747500,36.583763
2007-06-15,38.779999,39.139999,38.540001,39.090000,620100,36.687004
2007-06-14,38.150002,38.509998,38.040001,38.380001,467000,36.020653
2007-06-13,37.560001,37.990002,37.410000,37.990002,1161400,35.654625
2007-06-12,37.770000,38.029999,37.299999,37.430000,971200,35.129051
2007-06-11,38.330002,38.529999,37.900002,38.230000,709100,35.879871
2007-06-08,37.910000,38.509998,37.400002,38.290001,1027600,35.936184
2007-06-07,39.200001,39.330002,37.970001,38.009998,1551700,35.673393
2007-06-06,39.500000,39.660000,39.000000,39.330002,1056000,36.912251
2007-06-05,39.770000,40.029999,39.470001,39.730000,724000,37.287659
2007-06-04,40.000000,40.139999,39.709999,40.049999,656600,37.587990
2007-06-01,39.730000,40.139999,39.709999,40.060001,1548000,37.597378
2007-05-31,38.250000,39.200001,38.180000,39.160000,782800,36.752701
2007-05-30,37.860001,38.029999,37.500000,37.990002,641000,35.654625
2007-05-29,38.500000,38.630001,37.910000,37.950001,665500,35.617085
2007-05-25,38.220001,38.470001,37.910000,38.259998,476500,35.908024
2007-05-24,39.230000,39.290001,37.980000,38.090000,1005000,35.748478
2007-05-23,39.240002,39.650002,39.110001,39.320000,706000,36.902863
2007-05-22,39.500000,39.500000,38.750000,38.860001,389000,36.471142
2007-05-21,38.849998,39.750000,38.849998,39.470001,1060900,37.043644
2007-05-18,38.660000,39.209999,38.529999,39.009998,752800,36.611919
2007-05-17,38.360001,38.540001,38.049999,38.259998,1301900,35.908024
2007-05-16,38.959999,39.049999,38.139999,38.439999,1004300,36.076962
2007-05-15,39.200001,39.660000,38.980000,39.070000,422000,36.668232
2007-05-14,40.110001,40.119999,38.959999,39.160000,1028700,36.752701
2007-05-11,39.669998,40.040001,39.669998,39.750000,430800,37.306431
2007-05-10,40.310001,40.310001,39.349998,39.480000,901500,37.053028
2007-05-09,40.509998,40.990002,40.369999,40.599998,365700,38.104176
2007-05-08,40.759998,40.779999,40.270000,40.750000,724100,38.244957
2007-05-07,41.220001,41.369999,40.980000,40.980000,387300,38.460819
2007-05-04,41.119999,41.400002,40.630001,40.709999,394100,38.207417
2007-05-03,40.400002,40.889999,40.070000,40.709999,569300,38.207417
2007-05-02,39.160000,40.400002,39.110001,40.360001,829800,37.878933
2007-05-01,39.450001,39.580002,38.950001,39.299999,689800,36.884094
2007-04-30,40.389999,40.389999,39.500000,39.560001,387700,37.128113
2007-04-27,40.160000,40.430000,40.040001,40.340000,408800,37.860161
2007-04-26,40.599998,40.599998,39.919998,40.060001,1033200,37.597378
2007-04-25,40.980000,41.139999,40.580002,41.009998,813800,38.488972
2007-04-24,41.040001,41.090000,40.349998,40.549999,1293900,38.057251
2007-04-23,41.470001,41.540001,40.980000,41.090000,440700,38.564056
2007-04-20,41.650002,41.860001,41.330002,41.470001,357900,38.920696
2007-04-19,41.419998,41.419998,40.250000,41.070000,1269100,38.545284
2007-04-18,42.410000,42.490002,42.000000,42.090000,472900,39.502583
2007-04-17,42.599998,42.770000,42.259998,42.290001,539100,39.690289
2007-04-16,42.520000,42.880001,42.439999,42.880001,695000,40.244019
2007-04-13,41.549999,42.599998,41.509998,42.349998,854900,39.746597
2007-04-12,41.160000,41.279999,40.810001,41.279999,446800,38.742374
2007-04-11,41.799999,41.990002,40.840000,41.099998,1486000,38.573441
2007-04-10,41.599998,41.730000,41.290001,41.380001,294100,38.836231
2007-04-09,41.250000,41.630001,40.930000,41.049999,341700,38.526516
2007-04-05,41.250000,41.500000,41.080002,41.169998,457600,38.639137
2007-04-04,40.740002,41.290001,40.740002,41.189999,434100,38.657909
2007-04-03,40.080002,40.740002,40.000000,40.480000,921600,37.991554
2007-04-02,39.380001,40.150002,39.189999,40.150002,410200,37.681843
2007-03-30,39.700001,39.799999,39.360001,39.570000,399500,37.137497
2007-03-29,39.599998,39.830002,39.200001,39.450001,689100,37.024876
2007-03-28,39.720001,39.950001,39.459999,39.639999,554000,37.203194
2007-03-27,39.880001,39.939999,39.400002,39.450001,503200,37.024876
2007-03-26,40.279999,40.279999,39.619999,40.139999,514500,37.672455
2007-03-23,39.910000,40.000000,39.480000,39.830002,430800,37.381516
2007-03-22,40.330002,40.380001,39.840000,39.970001,584600,37.512909
2007-03-21,39.480000,40.110001,39.060001,40.110001,399500,37.644302
2007-03-20,39.450001,39.470001,39.049999,39.220001,671500,36.809013
2007-03-19,38.669998,39.029999,38.599998,38.849998,651600,36.461758
2007-03-16,38.650002,39.029999,38.150002,38.360001,1329200,36.001881
2007-03-15,37.680000,38.439999,37.680000,38.240002,1055100,35.889259
2007-03-14,37.009998,37.480000,36.459999,37.360001,1172600,35.063354
2007-03-13,38.439999,38.750000,37.060001,37.150002,1068600,34.866264
2007-03-12,38.020000,38.730000,37.930000,38.650002,780000,36.274052
2007-03-09,38.700001,38.700001,37.970001,38.029999,576800,35.692165
2007-03-08,38.650002,38.790001,38.080002,38.349998,630400,35.992493
2007-03-07,38.099998,38.720001,37.990002,38.090000,1060000,35.748478
2007-03-06,37.590000,38.220001,37.590000,38.080002,965900,35.739094
2007-03-05,37.000000,37.840000,36.250000,36.919998,878000,34.650398
2007-03-02,38.500000,39.029999,37.660000,37.680000,1297100,35.363682
2007-03-01,38.779999,39.799999,38.660000,39.150002,614400,36.743317
2007-02-28,39.400002,40.119999,38.830002,39.990002,1259900,37.531677
2007-02-27,41.250000,41.459999,38.730000,39.349998,1639400,36.931019
2007-02-26,42.320000,42.490002,41.900002,42.349998,589200,39.746597
2007-02-23,42.400002,43.320000,41.759998,41.830002,1077200,39.258568
2007-02-22,42.000000,42.230000,41.560001,41.799999,660900,39.230412
2007-02-21,40.320000,41.810001,40.150002,41.570000,1071000,39.014549
2007-02-20,40.320000,40.380001,39.849998,40.080002,853400,37.616146
2007-02-16,40.799999,41.029999,40.709999,40.939999,368100,38.423279
2007-02-15,40.900002,41.200001,40.660000,41.200001,446300,38.667294
2007-02-14,40.599998,40.959999,40.340000,40.889999,473700,38.376350
2007-02-13,40.230000,40.369999,40.020000,40.230000,363400,37.756924
2007-02-12,39.939999,40.320000,39.410000,39.610001,434100,37.175037
2007-02-09,40.419998,40.810001,39.919998,40.110001,918000,37.644302
2007-02-08,39.299999,40.259998,39.070000,40.259998,920300,37.785076
2007-02-07,39.549999,39.900002,39.130001,39.310001,392000,36.893482
2007-02-06,39.910000,40.020000,39.419998,39.730000,260900,37.287659
2007-02-05,39.599998,39.630001,39.250000,39.480000,206400,37.053028
2007-02-02,39.330002,39.500000,38.950001,39.320000,640900,36.902863
2007-02-01,40.139999,40.419998,39.830002,39.849998,700600,37.400284
2007-01-31,38.970001,39.779999,38.959999,39.599998,643000,37.165649
2007-01-30,38.799999,39.070000,38.549999,38.970001,530200,36.574383
2007-01-29,38.820000,39.290001,38.369999,38.549999,1024700,36.180199
2007-01-26,39.099998,39.240002,38.500000,39.200001,410000,36.790241
2007-01-25,39.810001,40.099998,38.869999,39.110001,1179800,36.705776
2007-01-24,38.820000,39.560001,38.340000,39.560001,704800,37.128113
2007-01-23,38.200001,39.099998,38.060001,39.099998,1457200,36.696388
2007-01-22,37.580002,37.889999,37.009998,37.270000,534600,34.978886
2007-01-19,37.200001,37.700001,36.990002,37.529999,484200,35.222900
2007-01-18,37.959999,38.240002,36.849998,36.970001,729900,34.697327
2007-01-17,37.520000,38.020000,37.360001,37.700001,703000,35.382450
2007-01-16,37.970001,38.000000,37.250000,37.520000,472200,35.213516
2007-01-12,37.049999,37.959999,36.950001,37.900002,672600,35.570156
2007-01-11,36.770000,37.459999,36.689999,36.930000,1038800,34.659786
2007-01-10,36.320000,36.799999,36.189999,36.610001,622700,34.359459
2007-01-09,36.750000,37.200001,36.250000,37.049999,742800,34.772408
2007-01-08,37.299999,37.410000,36.770000,37.299999,946000,35.007038
2007-01-05,36.650002,37.340000,36.650002,37.209999,1869400,34.922573
2007-01-04,38.099998,38.240002,37.529999,37.720001,680300,35.401222
2007-01-03,40.189999,40.220001,38.110001,38.430000,950300,36.067577
2006-12-29,40.000000,40.000000,39.549999,39.910000,548200,37.456596
2006-12-28,40.049999,40.349998,39.880001,40.169998,405000,37.700611
2006-12-27,39.470001,39.790001,39.270000,39.790001,307800,37.343971
2006-12-26,39.250000,39.660000,38.869999,39.029999,439800,36.630692
2006-12-22,38.950001,38.950001,38.310001,38.689999,611300,36.311592
2006-12-21,39.540001,39.570000,38.610001,39.000000,1078700,36.602535
2006-12-20,40.419998,40.450001,39.500000,39.680000,1064200,37.132805
2006-12-19,39.299999,40.419998,39.299999,40.419998,851600,37.825298
2006-12-18,39.730000,39.889999,39.189999,39.320000,729500,36.795914
2006-12-15,40.580002,40.790001,39.509998,39.759998,998800,37.207664
2006-12-14,40.430000,40.700001,40.169998,40.549999,1725200,37.946953
2006-12-13,40.250000,40.570000,39.830002,40.400002,584700,37.806583
2006-12-12,40.540001,40.700001,39.840000,40.360001,873400,37.769150
2006-12-11,40.450001,41.070000,40.450001,40.830002,518300,38.208981
2006-12-08,41.549999,41.619999,40.299999,40.500000,790400,37.900166
2006-12-07,41.070000,41.490002,40.220001,41.250000,962500,38.602020
2006-12-06,40.959999,41.630001,40.799999,40.910000,804400,38.283844
2006-12-05,42.099998,42.320000,41.240002,41.580002,960500,38.910835
2006-12-04,41.740002,42.119999,41.209999,42.090000,837800,39.388096
2006-12-01,41.849998,41.990002,41.220001,41.540001,1057500,38.873402
2006-11-30,41.169998,41.980000,41.029999,41.980000,1055700,39.285156
2006-11-29,40.189999,40.529999,40.029999,40.529999,597700,37.928238
2006-11-28,39.990002,40.400002,39.700001,40.400002,817000,37.806583
2006-11-27,40.290001,40.450001,39.860001,39.959999,545700,37.394829
2006-11-24,39.930000,40.209999,39.650002,39.900002,588000,37.338680
2006-11-22,39.099998,39.520000,38.590000,38.840000,463300,36.346725
2006-11-21,37.889999,38.740002,37.869999,38.689999,845400,36.206352
2006-11-20,37.860001,38.169998,37.250000,37.320000,343900,34.924297
2006-11-17,37.040001,37.669998,36.669998,37.349998,672900,34.952374
2006-11-16,38.950001,39.040001,37.320000,37.320000,1309500,34.924297
2006-11-15,37.910000,39.060001,37.750000,38.880001,553300,36.384159
2006-11-14,39.259998,39.279999,38.310001,38.400002,438000,35.934971
2006-11-13,38.259998,38.939999,38.049999,38.919998,492100,36.421589
2006-11-10,39.560001,39.709999,38.790001,39.009998,681900,36.505810
2006-11-09,38.849998,39.970001,38.639999,39.900002,585600,37.338680
2006-11-08,38.299999,38.680000,37.919998,38.259998,341100,35.803955
2006-11-07,38.759998,38.950001,38.299999,38.549999,365200,36.075340
2006-11-06,38.669998,39.250000,38.410000,38.430000,661700,35.963043
2006-11-03,38.299999,38.950001,38.250000,38.799999,1442400,36.309292
2006-11-02,38.150002,38.799999,37.919998,38.340000,551500,35.878822
2006-11-01,38.529999,38.880001,37.750000,38.040001,856800,35.598080
2006-10-31,37.009998,37.970001,37.000000,37.959999,583000,35.523212
2006-10-30,38.040001,38.040001,37.009998,37.009998,522300,34.634197
2006-10-27,37.200001,37.570000,36.840000,36.840000,433200,34.475113
2006-10-26,37.500000,37.639999,36.910000,37.270000,682400,34.877510
2006-10-25,36.200001,37.349998,36.009998,37.349998,746900,34.952374
2006-10-24,35.509998,36.599998,35.509998,36.330002,675900,33.997852
2006-10-23,35.180000,36.080002,35.070000,36.080002,481800,33.763901
2006-10-20,36.290001,36.599998,35.730000,35.740002,492400,33.445724
2006-10-19,35.650002,36.450001,35.590000,36.340000,782900,34.007210
2006-10-18,35.990002,35.990002,35.099998,35.180000,336200,32.921673
2006-10-17,35.990002,35.990002,35.139999,35.799999,402400,33.501873
2006-10-16,36.200001,36.200001,35.410000,36.060001,946300,33.745186
2006-10-13,35.250000,35.799999,35.160000,35.790001,977200,33.492516
2006-10-12,33.930000,34.779999,33.720001,34.700001,626200,32.472488
2006-10-11,34.599998,34.599998,33.779999,33.810001,385400,31.639620
2006-10-10,33.560001,34.689999,33.529999,34.430000,473800,32.219818
2006-10-09,35.000000,35.070000,34.070000,34.090000,477700,31.901644
2006-10-06,34.480000,34.860001,33.770000,34.369999,458300,32.163670
2006-10-05,34.459999,34.799999,34.040001,34.509998,493900,32.294682
2006-10-04,33.400002,33.770000,32.410000,33.770000,1014300,31.602186
2006-10-03,34.619999,34.700001,33.380001,33.459999,942700,31.312084
2006-10-02,35.950001,36.439999,35.549999,35.730000,275600,33.436367
2006-09-29,35.400002,36.220001,35.400002,35.650002,342000,33.361504
2006-09-28,36.410000,36.689999,35.959999,35.959999,499300,33.651600
2006-09-27,36.040001,36.410000,35.230000,36.389999,594900,34.053997
2006-09-26,34.560001,35.639999,34.490002,35.630001,814100,33.342789
2006-09-25,34.790001,34.840000,33.860001,34.459999,711100,32.247890
2006-09-22,35.650002,35.650002,34.799999,34.849998,886000,32.612858
2006-09-21,34.700001,35.119999,34.209999,34.799999,453900,32.566067
2006-09-20,35.020000,35.279999,34.299999,34.360001,946400,32.154312
2006-09-19,35.900002,36.049999,34.630001,34.680000,615000,32.453770
2006-09-18,35.110001,36.240002,35.110001,36.150002,625000,33.829407
2006-09-15,35.009998,35.470001,34.340000,35.230000,784400,32.968464
2006-09-14,36.500000,36.639999,34.770000,34.950001,859600,32.706436
2006-09-13,36.360001,36.740002,36.150002,36.349998,386500,34.016563
2006-09-12,36.410000,36.950001,35.730000,36.070000,725900,33.754539
2006-09-11,37.509998,37.779999,36.259998,36.400002,1646500,34.063358
2006-09-08,39.599998,39.599998,39.099998,39.240002,754000,36.721050
2006-09-07,40.500000,40.970001,40.209999,40.299999,851900,37.713001
2006-09-06,41.840000,42.580002,41.560001,41.700001,664700,39.023132
2006-09-05,41.650002,42.169998,41.500000,42.099998,669700,39.397453
2006-09-01,40.250000,41.080002,40.009998,40.889999,241700,38.265129
2006-08-31,40.290001,40.599998,40.020000,40.590000,535200,37.984386
2006-08-30,39.860001,40.099998,39.099998,39.509998,525600,36.973713
2006-08-29,39.049999,39.349998,38.450001,39.349998,853100,36.823986
2006-08-28,39.869999,39.880001,39.049999,39.090000,345900,36.580677
2006-08-25,40.099998,40.340000,39.799999,39.980000,188200,37.413544
2006-08-24,40.599998,40.689999,39.599998,39.750000,327300,37.198311
2006-08-23,40.950001,41.220001,40.230000,40.380001,402700,37.787868
2006-08-22,40.000000,40.500000,39.669998,40.500000,304100,37.900166
2006-08-21,39.150002,40.290001,39.000000,40.290001,408000,37.703644
2006-08-18,38.549999,38.549999,37.619999,38.380001,317100,35.916256
2006-08-17,39.049999,39.090000,38.020000,38.279999,277300,35.822674
2006-08-16,39.230000,39.459999,39.060001,39.189999,199600,36.674255
2006-08-15,38.150002,38.720001,38.150002,38.560001,298300,36.084702
2006-08-14,38.520000,38.840000,37.880001,38.040001,420300,35.598080
2006-08-11,40.099998,40.240002,38.680000,38.689999,512100,36.206352
2006-08-10,40.299999,40.380001,39.189999,39.750000,745600,37.198311
2006-08-09,40.040001,40.860001,39.799999,40.580002,631000,37.975029
2006-08-08,39.990002,40.450001,39.570000,39.720001,361100,37.170235
2006-08-07,39.799999,40.419998,39.720001,40.119999,279900,37.544556
2006-08-04,40.669998,40.770000,39.540001,39.590000,501700,37.048580
2006-08-03,40.290001,40.450001,39.560001,39.910000,496400,37.348038
2006-08-02,40.340000,40.700001,39.810001,40.660000,944300,38.049892
2006-08-01,38.590000,39.750000,38.299999,39.750000,536600,37.198311
2006-07-31,38.730000,38.860001,38.230000,38.759998,233900,36.271858
2006-07-28,37.779999,38.779999,37.689999,38.779999,371400,36.290573
2006-07-27,39.349998,39.369999,37.369999,37.500000,518000,35.092743
2006-07-26,37.490002,38.389999,37.180000,38.360001,361800,35.897537
2006-07-25,36.830002,37.790001,36.419998,37.689999,949400,35.270546
2006-07-24,35.500000,36.820000,35.189999,36.689999,1086500,34.334740
2006-07-21,37.080002,37.299999,35.810001,35.810001,646200,33.511234
2006-07-20,38.209999,38.330002,36.830002,36.830002,415200,34.465755
2006-07-19,36.900002,38.509998,36.900002,38.439999,515300,35.972401
2006-07-18,37.889999,37.959999,36.430000,37.000000,800200,34.624840
2006-07-17,38.320000,38.669998,37.400002,37.400002,777700,34.999165
2006-07-14,38.900002,39.130001,38.340000,38.970001,459500,36.468380
2006-07-13,39.480000,39.500000,38.279999,38.330002,647700,35.869465
2006-07-12,40.110001,40.459999,39.369999,39.490002,519500,36.955002
2006-07-11,39.029999,39.759998,38.790001,39.759998,512700,37.207664
2006-07-10,38.389999,39.130001,38.250000,38.669998,401400,36.187637
2006-07-07,39.680000,39.880001,38.950001,39.029999,500500,36.524529
2006-07-06,39.500000,39.990002,39.040001,39.730000,411100,37.179592
2006-07-05,40.099998,40.459999,38.849998,39.369999,685600,36.842701
2006-07-03,39.400002,40.230000,39.320000,40.230000,561200,37.647495
2006-06-30,38.700001,39.060001,38.320000,38.700001,1069400,36.215714
2006-06-29,35.950001,37.959999,35.939999,37.959999,588500,35.523212
2006-06-28,35.700001,35.930000,35.000000,35.310001,415200,33.043327
2006-06-27,36.970001,37.049999,35.480000,35.480000,469200,33.202415
2006-06-26,36.619999,36.799999,36.150002,36.630001,301500,34.278595
2006-06-23,35.169998,36.500000,35.150002,36.279999,467800,33.951057
2006-06-22,36.000000,36.209999,35.169998,35.639999,590000,33.352142
2006-06-21,34.599998,36.040001,34.599998,35.860001,551000,33.558022
2006-06-20,33.910000,34.730000,33.599998,34.340000,388500,32.135597
2006-06-19,34.169998,34.470001,33.570000,33.599998,366100,31.443096
2006-06-16,35.000000,35.000000,34.299999,34.570000,602300,32.350830
2006-06-15,34.400002,35.049999,34.000000,34.939999,882200,32.697079
2006-06-14,32.849998,33.500000,32.250000,33.029999,646800,30.909689
2006-06-13,32.660000,33.150002,31.820000,32.200001,1580900,30.132971
2006-06-12,35.480000,35.630001,33.759998,33.779999,584700,31.611544
2006-06-09,35.750000,36.189999,34.860001,35.070000,542200,32.818733
2006-06-08,35.270000,35.380001,33.619999,35.270000,812800,33.005898
2006-06-07,36.310001,37.549999,35.820000,36.139999,484100,33.820045
2006-06-06,38.029999,38.029999,36.720001,37.009998,663600,34.634197
2006-06-05,40.270000,40.270000,38.099998,38.130001,436000,35.682304
2006-06-02,39.310001,39.389999,38.799999,39.130001,277300,36.618111
2006-06-01,37.200001,38.580002,37.169998,38.529999,641300,36.056625
2006-05-31,38.900002,39.130001,38.119999,38.849998,350700,36.356083
2006-05-30,39.500000,39.720001,38.110001,38.169998,559100,35.719734
2006-05-26,38.740002,38.740002,37.770000,38.549999,269400,36.075340
2006-05-25,37.180000,38.320000,36.980000,38.320000,367000,35.860104
2006-05-24,37.130001,37.570000,35.869999,36.520000,638600,34.175655
2006-05-23,37.750000,39.220001,37.750000,37.959999,620900,35.523212
2006-05-22,36.520000,37.290001,35.869999,37.230000,197100,34.840076
